103
105
105
105
105
105
105
106
109
109
109
110
109
108
109
111
112
112
112
110
109
108
108
108
106
106
106
107
109
108
108
108
107
107
106
106
107
107
106
104
106
106
105
106
106
105
105
104
104
103
103
102
103
104
105
105
104
105
107
106
109
108
107
104
104
106
107
107
109
110
110
110
110
109
108
109
109
107
104
105
102
102
104
103
101
99
100
99
98
98
96
95
95
95
95
96
96
96
94
94
91
90
90
89
90
90
86
86
86
86
86
86
86
85
85
85
84
83
83
86
88
86
87
86
88
86
85
84
84
83
84
85
85
86
83
82
84
84
84
84
83
82
82
82
81
81
82
84
83
83
84
87
87
87
85
85
87
87
87
87
88
88
87
86
86
86
84
83
84
82
82
81
81
81
81
79
79
79
78
78
77
78
75
74
72
73
70
70
72
71
72
71
69
69
67
68
69
69
70
70
68
67
67
68
66
66
66
65
65
66
67
67
66
66
66
63
63
63
63
62
64
64
66
66
66
66
66
68
68
68
69
68
68
68
69
69
68
68
68
69
69
69
69
69
69
65
64
65
64
64
62
63
63
63
63
63
64
63
64
62
62
62
60
60
63
64
63
65
66
67
67
67
66
64
65
65
64
61
61
61
61
61
60
60
62
62
62
62
62
63
63
64
64
69
68
72
74
77
77
78
81
81
81
82
82
82
86
84
84
84
86
85
86
86
84
84
85
84
85
86
86
84
83
84
83
83
84
85
89
89
88
87
92
92
92
94
93
94
95
95
95
96
96
97
97
97
95
95
93
95
97
97
97
96
97
98
95
96
96
96
96
96
98
100
101
102
102
103
105
105
105
107
107
108
109
109
110
109
111
112
112
113
111
112
111
112
113
113
113
113
113
113
113
110
110
111
113
114
114
115
114
115
115
116
116
116
117
118
117
117
117
118
118
119
120
120
120
118
121
119
119
115
113
110
113
113
110
111
111
110
108
108
105
105
106
106
104
107
106
107
108
109
107
108
108
108
109
109
109
109
110
111
110
110
106
107
107
109
105
105
104
100
101
99
99
99
100
101
101
101
101
100
103
103
102
100
98
99
99
99
103
103
104
105
106
108
107
107
104
102
102
104
103
104
103
105
106
105
107
105
103
104
105
107
107
108
111
111
111
113
115
116
116
115
115
118
116
116
117
118
118
119
120
121
122
125
126
125
126
127
127
127
129
128
129
129
130
130
130
129
128
127
126
129
127
127
130
130
131
131
128
130
131
132
135
135
137
137
135
136
136
136
137
135
134
134
133
133
135
135
134
133
132
132
133
133
132
131
132
131
132
132
132
130
130
130
130
130
132
135
134
134
133
132
134
133
133
133
130
131
131
131
132
132
132
131
128
129
129
128
128
127
127
127
128
130
129
125
126
126
125
124
125
125
125
122
121
121
121
120
120
118
117
117
117
116
115
116
115
117
118
114
114
113
112
112
109
107
104
103
103
99
99
99
99
97
97
94
92
91
94
95
94
92
92
92
92
95
96
95
95
94
92
94
93
94
94
92
91
91
88
88
86
86
86
85
83
83
83
83
84
84
84
85
83
83
83
83
83
83
82
81
82
82
82
82
80
81
81
81
80
81
81
81
78
75
76
77
75
75
75
76
77
78
77
78
78
80
81
81
81
81
78
76
75
74
73
73
74
75
74
73
74
74
73
72
73
71
69
68
67
66
67
67
66
65
64
64
65
65
65
62
61
60
61
59
59
59
59
59
59
58
59
59
59
59
60
60
59
59
58
58
58
58
61
64
61
60
59
60
59
59
59
55
55
53
53
53
53
51
50
48
48
47
47
46
47
48
48
48
49
49
49
48
50
50
50
50
50
48
49
48
48
48
49
50
50
50
50
50
50
50
51
50
51
51
52
51
51
51
51
51
50
49
49
48
49
47
47
47
47
46
46
44
42
41
40
40
40
40
40
40
40
40
39
38
38
37
37
37
37
36
36
36
36
36
36
37
36
36
36
36
37
37
36
36
37
37
36
35
34
34
34
34
34
34
34
34
33
33
33
33
32
32
32
31
29
31
31
32
32
29
29
30
33
33
34
34
34
34
33
33
35
35
34
35
35
36
38
38
38
38
37
36
36
36
34
34
34
34
32
32
33
33
35
35
34
34
34
34
33
33
34
32
31
31
31
33
33
36
37
37
37
37
38
38
39
39
39
39
40
40
39
39
39
40
40
40
40
40
40
41
42
42
42
42
43
43
43
43
43
43
43
42
42
43
43
44
43
43
43
43
43
42
42
42
42
44
44
45
44
44
43
43
43
43
43
43
43
43
43
43
44
44
44
44
44
45
45
45
45
44
44
43
43
43
45
45
45
44
42
42
41
42
42
42
42
42
40
40
38
37
37
37
37
39
39
40
40
40
40
41
42
43
43
44
44
44
43
43
41
41
41
41
41
41
41
42
41
41
41
40
41
39
39
36
35
36
35
35
34
34
33
33
33
33
33
33
33
35
34
34
34
34
34
35
36
35
34
35
35
35
34
36
36
39
40
41
42
43
43
43
44
44
44
44
44
44
46
46
47
47
47
45
45
45
45
45
46
46
46
47
47
47
47
47
47
50
50
50
50
50
51
51
51
52
52
53
52
53
54
56
53
54
54
54
55
55
56
58
58
58
58
58
58
58
58
58
58
57
57
55
55
57
57
57
57
56
57
56
56
56
57
57
57
58
58
58
59
59
60
60
61
61
61
61
62
63
62
62
63
64
64
64
65
65
65
65
66
66
66
67
66
66
69
67
68
69
70
70
72
71
70
71
73
72
72
73
75
73
73
70
69
68
67
66
66
69
68
67
68
69
69
71
70
70
69
69
69
71
72
72
73
75
74
74
76
75
75
75
75
75
75
72
71
71
71
71
72
71
71
71
74
74
75
75
74
72
72
71
72
73
71
71
71
68
69
69
69
72
73
73
76
78
78
78
79
79
80
80
81
86
87
87
87
87
88
87
86
86
87
86
87
87
86
88
88
88
87
86
86
87
88
89
91
91
92
93
92
94
93
94
94
94
95
95
100
101
101
101
98
99
99
98
97
98
96
98
98
97
95
95
95
95
94
97
97
99
99
100
100
100
99
97
97
97
97
96
98
96
95
95
95
95
95
92
91
90
91
89
89
89
88
88
88
89
89
89
89
89
89
89
91
92
90
90
90
89
87
86
86
84
85
85
85
86
86
85
85
85
84
85
84
84
84
81
80
81
79
80
81
81
81
81
81
81
79
74
73
73
73
73
72
72
72
72
71
71
71
71
73
71
70
70
70
70
70
71
71
69
67
67
64
64
65
63
63
63
64
64
63
63
59
58
59
60
60
59
58
58
59
58
58
55
55
55
55
55
56
55
56
55
55
52
53
52
52
53
55
55
55
55
55
55
53
53
53
53
53
53
53
54
53
53
53
54
54
54
54
54
54
53
54
54
54
55
57
57
55
55
56
58
58
58
59
59
59
60
60
60
60
59
59
61
61
61
63
63
63
63
65
65
64
64
63
63
62
62
62
62
62
59
59
59
59
59
59
59
59
59
59
61
61
62
62
62
60
60
60
60
60
59
58
57
56
57
57
57
57
57
56
57
56
56
56
55
55
56
55
54
55
54
54
54
53
53
53
53
53
54
55
56
57
57
56
54
54
53
53
53
52
52
53
50
48
48
48
48
48
48
48
48
48
49
49
52
53
52
52
52
51
50
50
49
49
49
49
49
48
48
48
47
45
45
45
45
44
41
42
42
41
40
40
38
39
40
42
42
43
41
41
41
39
38
38
38
37
37
37
38
36
36
35
36
36
36
36
37
37
37
38
38
39
39
39
39
37
36
36
35
35
35
35
35
35
35
35
35
35
35
36
36
36
37
37
36
37
37
38
37
37
37
37
37
37
37
35
35
36
36
37
37
36
36
36
35
35
35
34
34
34
34
35
35
36
36
36
36
35
35
35
35
36
36
36
36
36
38
38
38
38
37
36
37
37
37
37
37
37
37
37
40
40
40
41
41
42
42
44
43
45
45
45
46
46
46
46
46
46
46
45
44
42
42
40
41
42
42
42
42
42
42
41
42
43
42
41
41
41
40
40
40
39
38
38
38
37
39
39
39
39
39
39
39
39
39
39
39
40
40
41
42
42
42
42
43
42
41
41
39
40
40
39
37
37
37
37
37
37
36
36
36
36
36
35
35
34
35
36
36
36
35
36
35
35
35
35
35
35
35
34
34
34
34
34
34
34
34
33
33
33
34
35
33
34
33
33
31
31
30
30
30
30
31
31
31
32
29
29
30
31
31
32
32
31
32
31
33
34
33
33
33
36
37
41
42
42
42
43
43
44
43
42
45
46
47
48
49
50
53
54
55
55
56
59
60
62
63
65
66
66
66
66
64
63
63
64
64
65
66
67
68
69
69
70
71
73
73
76
78
78
77
77
77
78
79
81
84
85
86
86
86
91
91
92
92
92
92
92
93
96
96
96
95
94
95
95
95
94
94
94
94
95
95
98
98
98
101
101
101
101
102
103
103
103
102
102
101
102
102
101
101
101
102
102
102
103
103
104
103
106
109
108
111
111
113
111
111
110
110
109
107
106
106
105
106
105
105
103
102
98
99
100
101
101
102
101
103
104
101
100
100
101
99
98
95
93
93
92
91
88
89
87
86
84
84
84
86
87
87
87
87
87
87
88
88
89
89
88
88
87
86
84
83
81
79
79
79
79
80
77
76
77
75
75
74
75
75
71
73
73
73
76
77
79
79
78
80
81
82
82
81
84
85
86
86
87
87
87
88
86
86
87
85
86
86
87
86
88
89
90
92
96
98
97
97
97
97
98
97
97
97
96
97
96
97
94
95
95
94
95
97
97
99
100
102
102
104
106
105
106
107
108
109
106
107
111
112
114
114
113
112
112
110
109
109
110
110
109
110
110
112
115
116
116
118
118
118
119
120
120
120
122
125
125
126
127
130
129
130
129
131
131
131
134
134
135
136
135
135
135
137
137
135
135
135
136
141
141
140
140
141
142
146
147
148
147
149
150
149
149
150
151
151
150
151
152
154
152
152
154
157
156
158
157
156
156
159
159
158
156
157
159
163
163
164
163
164
162
168
171
178
181
182
184
189
190
192
194
195
195
199
200
198
199
200
201
198
199
198
197
195
196
194
191
193
195
198
199
200
199
199
195
195
194
196
196
196
196
196
197
197
196
194
194
193
195
204
200
201
203
202
202
204
205
205
207
208
206
209
209
209
209
206
205
216
222
221
231
232
234
236
237
237
238
242
246
248
249
250
253
255
257
256
256
261
264
263
261
258
258
260
263
262
258
263
266
268
266
265
268
266
269
266
265
265
263
262
264
264
267
270
269
267
268
273
276
275
275
274
272
273
277
275
271
267
264
257
253
254
253
250
249
250
248
252
251
248
241
242
243
243
245
249
249
249
247
249
251
251
251
251
249
246
244
245
249
249
252
254
257
256
258
262
267
270
272
272
272
272
274
277
280
281
282
281
281
283
286
286
287
286
288
288
288
288
287
287
287
286
289
281
279
276
273
276
275
274
275
274
278
275
274
277
280
285
288
294
293
291
289
286
282
285
287
288
286
283
284
284
285
283
282
281
285
287
286
290
289
289
292
295
298
301
304
306
308
308
311
312
313
311
310
311
316
318
323
324
322
326
330
336
337
340
343
347
347
351
355
354
364
365
367
377
383
392
402
402
402
404
411
412
417
425
429
433
440
447
451
455
458
456
454
458
463
464
463
462
466
464
470
471
474
474
478
487
494
493
493
494
503
501
505
507
511
518
518
528
528
527
526
538
541
541
540
538
541
541
541
543
544
541
540
542
539
540
536
536
538
532
536
530
527
523
522
523
522
525
529
530
529
534
535
536
536
538
540
541
539
539
540
536
540
538
539
540
536
534
