POS	COV
14406	103
14407	105
14408	105
14409	105
14410	105
14411	105
14412	105
14413	106
14414	109
14415	109
14416	109
14417	110
14418	109
14419	108
14420	109
14421	111
14422	112
14423	112
14424	112
14425	110
14426	109
14427	108
14428	108
14429	108
14430	106
14431	106
14432	106
14433	107
14434	109
14435	108
14436	108
14437	108
14438	107
14439	107
14440	106
14441	106
14442	107
14443	107
14444	106
14445	104
14446	106
14447	106
14448	105
14449	106
14450	106
14451	105
14452	105
14453	104
14454	104
14455	103
14456	103
14457	102
14458	103
14459	104
14460	105
14461	105
14462	104
14463	105
14464	107
14465	106
14466	109
14467	108
14468	107
14469	104
14470	104
14471	106
14472	107
14473	107
14474	109
14475	110
14476	110
14477	110
14478	110
14479	109
14480	108
14481	109
14482	109
14483	107
14484	104
14485	105
14486	102
14487	102
14488	104
14489	103
14490	101
14491	99
14492	100
14493	99
14494	98
14495	98
14496	96
14497	95
14498	95
14499	95
14500	95
14501	96
14502	96
14503	96
14504	94
14505	94
14506	91
14507	90
14508	90
14509	89
14510	90
14511	90
14512	86
14513	86
14514	86
14515	86
14516	86
14517	86
14518	86
14519	85
14520	85
14521	85
14522	84
14523	83
14524	83
14525	86
14526	88
14527	86
14528	87
14529	86
14530	88
14531	86
14532	85
14533	84
14534	84
14535	83
14536	84
14537	85
14538	85
14539	86
14540	83
14541	82
14542	84
14543	84
14544	84
14545	84
14546	83
14547	82
14548	82
14549	82
14550	81
14551	81
14552	82
14553	84
14554	83
14555	83
14556	84
14557	87
14558	87
14559	87
14560	85
14561	85
14562	87
14563	87
14564	87
14565	87
14566	88
14567	88
14568	87
14569	86
14570	86
14571	86
14572	84
14573	83
14574	84
14575	82
14576	82
14577	81
14578	81
14579	81
14580	81
14581	79
14582	79
14583	79
14584	78
14585	78
14586	77
14587	78
14588	75
14589	74
14590	72
14591	73
14592	70
14593	70
14594	72
14595	71
14596	72
14597	71
14598	69
14599	69
14600	67
14601	68
14602	69
14603	69
14604	70
14605	70
14606	68
14607	67
14608	67
14609	68
14610	66
14611	66
14612	66
14613	65
14614	65
14615	66
14616	67
14617	67
14618	66
14619	66
14620	66
14621	63
14622	63
14623	63
14624	63
14625	62
14626	64
14627	64
14628	66
14629	66
14630	66
14631	66
14632	66
14633	68
14634	68
14635	68
14636	69
14637	68
14638	68
14639	68
14640	69
14641	69
14642	68
14643	68
14644	68
14645	69
14646	69
14647	69
14648	69
14649	69
14650	69
14651	65
14652	64
14653	65
14654	64
14655	64
14656	62
14657	63
14658	63
14659	63
14660	63
14661	63
14662	64
14663	63
14664	64
14665	62
14666	62
14667	62
14668	60
14669	60
14670	63
14671	64
14672	63
14673	65
14674	66
14675	67
14676	67
14677	67
14678	66
14679	64
14680	65
14681	65
14682	64
14683	61
14684	61
14685	61
14686	61
14687	61
14688	60
14689	60
14690	62
14691	62
14692	62
14693	62
14694	62
14695	63
14696	63
14697	64
14698	64
14699	69
14700	68
14701	72
14702	74
14703	77
14704	77
14705	78
14706	81
14707	81
14708	81
14709	82
14710	82
14711	82
14712	86
14713	84
14714	84
14715	84
14716	86
14717	85
14718	86
14719	86
14720	84
14721	84
14722	85
14723	84
14724	85
14725	86
14726	86
14727	84
14728	83
14729	84
14730	83
14731	83
14732	84
14733	85
14734	89
14735	89
14736	88
14737	87
14738	92
14739	92
14740	92
14741	94
14742	93
14743	94
14744	95
14745	95
14746	95
14747	96
14748	96
14749	97
14750	97
14751	97
14752	95
14753	95
14754	93
14755	95
14756	97
14757	97
14758	97
14759	96
14760	97
14761	98
14762	95
14763	96
14764	96
14765	96
14766	96
14767	96
14768	98
14769	100
14770	101
14771	102
14772	102
14773	103
14774	105
14775	105
14776	105
14777	107
14778	107
14779	108
14780	109
14781	109
14782	110
14783	109
14784	111
14785	112
14786	112
14787	113
14788	111
14789	112
14790	111
14791	112
14792	113
14793	113
14794	113
14795	113
14796	113
14797	113
14798	113
14799	110
14800	110
14801	111
14802	113
14803	114
14804	114
14805	115
14806	114
14807	115
14808	115
14809	116
14810	116
14811	116
14812	117
14813	118
14814	117
14815	117
14816	117
14817	118
14818	118
14819	119
14820	120
14821	120
14822	120
14823	118
14824	121
14825	119
14826	119
14827	115
14828	113
14829	110
14830	113
14831	113
14832	110
14833	111
14834	111
14835	110
14836	108
14837	108
14838	105
14839	105
14840	106
14841	106
14842	104
14843	107
14844	106
14845	107
14846	108
14847	109
14848	107
14849	108
14850	108
14851	108
14852	109
14853	109
14854	109
14855	109
14856	110
14857	111
14858	110
14859	110
14860	106
14861	107
14862	107
14863	109
14864	105
14865	105
14866	104
14867	100
14868	101
14869	99
14870	99
14871	99
14872	100
14873	101
14874	101
14875	101
14876	101
14877	100
14878	103
14879	103
14880	102
14881	100
14882	98
14883	99
14884	99
14885	99
14886	103
14887	103
14888	104
14889	105
14890	106
14891	108
14892	107
14893	107
14894	104
14895	102
14896	102
14897	104
14898	103
14899	104
14900	103
14901	105
14902	106
14903	105
14904	107
14905	105
14906	103
14907	104
14908	105
14909	107
14910	107
14911	108
14912	111
14913	111
14914	111
14915	113
14916	115
14917	116
14918	116
14919	115
14920	115
14921	118
14922	116
14923	116
14924	117
14925	118
14926	118
14927	119
14928	120
14929	121
14930	122
14931	125
14932	126
14933	125
14934	126
14935	127
14936	127
14937	127
14938	129
14939	128
14940	129
14941	129
14942	130
14943	130
14944	130
14945	129
14946	128
14947	127
14948	126
14949	129
14950	127
14951	127
14952	130
14953	130
14954	131
14955	131
14956	128
14957	130
14958	131
14959	132
14960	135
14961	135
14962	137
14963	137
14964	135
14965	136
14966	136
14967	136
14968	137
14969	135
14970	134
14971	134
14972	133
14973	133
14974	135
14975	135
14976	134
14977	133
14978	132
14979	132
14980	133
14981	133
14982	132
14983	131
14984	132
14985	131
14986	132
14987	132
14988	132
14989	130
14990	130
14991	130
14992	130
14993	130
14994	132
14995	135
14996	134
14997	134
14998	133
14999	132
15000	134
15001	133
15002	133
15003	133
15004	130
15005	131
15006	131
15007	131
15008	132
15009	132
15010	132
15011	131
15012	128
15013	129
15014	129
15015	128
15016	128
15017	127
15018	127
15019	127
15020	128
15021	130
15022	129
15023	125
15024	126
15025	126
15026	125
15027	124
15028	125
15029	125
15030	125
15031	122
15032	121
15033	121
15034	121
15035	120
15036	120
15037	118
15038	117
15039	117
15040	117
15041	116
15042	115
15043	116
15044	115
15045	117
15046	118
15047	114
15048	114
15049	113
15050	112
15051	112
15052	109
15053	107
15054	104
15055	103
15056	103
15057	99
15058	99
15059	99
15060	99
15061	97
15062	97
15063	94
15064	92
15065	91
15066	94
15067	95
15068	94
15069	92
15070	92
15071	92
15072	92
15073	95
15074	96
15075	95
15076	95
15077	94
15078	92
15079	94
15080	93
15081	94
15082	94
15083	92
15084	91
15085	91
15086	88
15087	88
15088	86
15089	86
15090	86
15091	85
15092	83
15093	83
15094	83
15095	83
15096	84
15097	84
15098	84
15099	85
15100	83
15101	83
15102	83
15103	83
15104	83
15105	83
15106	82
15107	81
15108	82
15109	82
15110	82
15111	82
15112	80
15113	81
15114	81
15115	81
15116	80
15117	81
15118	81
15119	81
15120	78
15121	75
15122	76
15123	77
15124	75
15125	75
15126	75
15127	76
15128	77
15129	78
15130	77
15131	78
15132	78
15133	80
15134	81
15135	81
15136	81
15137	81
15138	78
15139	76
15140	75
15141	74
15142	73
15143	73
15144	74
15145	75
15146	74
15147	73
15148	74
15149	74
15150	73
15151	72
15152	73
15153	71
15154	69
15155	68
15156	67
15157	66
15158	67
15159	67
15160	66
15161	65
15162	64
15163	64
15164	65
15165	65
15166	65
15167	62
15168	61
15169	60
15170	61
15171	59
15172	59
15173	59
15174	59
15175	59
15176	59
15177	58
15178	59
15179	59
15180	59
15181	59
15182	60
15183	60
15184	59
15185	59
15186	58
15187	58
15188	58
15189	58
15190	61
15191	64
15192	61
15193	60
15194	59
15195	60
15196	59
15197	59
15198	59
15199	55
15200	55
15201	53
15202	53
15203	53
15204	53
15205	51
15206	50
15207	48
15208	48
15209	47
15210	47
15211	46
15212	47
15213	48
15214	48
15215	48
15216	49
15217	49
15218	49
15219	48
15220	50
15221	50
15222	50
15223	50
15224	50
15225	48
15226	49
15227	48
15228	48
15229	48
15230	49
15231	50
15232	50
15233	50
15234	50
15235	50
15236	50
15237	50
15238	51
15239	50
15240	51
15241	51
15242	52
15243	51
15244	51
15245	51
15246	51
15247	51
15248	50
15249	49
15250	49
15251	48
15252	49
15253	47
15254	47
15255	47
15256	47
15257	46
15258	46
15259	44
15260	42
15261	41
15262	40
15263	40
15264	40
15265	40
15266	40
15267	40
15268	40
15269	40
15270	39
15271	38
15272	38
15273	37
15274	37
15275	37
15276	37
15277	36
15278	36
15279	36
15280	36
15281	36
15282	36
15283	37
15284	36
15285	36
15286	36
15287	36
15288	37
15289	37
15290	36
15291	36
15292	37
15293	37
15294	36
15295	35
15296	34
15297	34
15298	34
15299	34
15300	34
15301	34
15302	34
15303	34
15304	33
15305	33
15306	33
15307	33
15308	32
15309	32
15310	32
15311	31
15312	29
15313	31
15314	31
15315	32
15316	32
15317	29
15318	29
15319	30
15320	33
15321	33
15322	34
15323	34
15324	34
15325	34
15326	33
15327	33
15328	35
15329	35
15330	34
15331	35
15332	35
15333	36
15334	38
15335	38
15336	38
15337	38
15338	37
15339	36
15340	36
15341	36
15342	34
15343	34
15344	34
15345	34
15346	32
15347	32
15348	33
15349	33
15350	35
15351	35
15352	34
15353	34
15354	34
15355	34
15356	33
15357	33
15358	34
15359	32
15360	31
15361	31
15362	31
15363	33
15364	33
15365	36
15366	37
15367	37
15368	37
15369	37
15370	38
15371	38
15372	39
15373	39
15374	39
15375	39
15376	40
15377	40
15378	39
15379	39
15380	39
15381	40
15382	40
15383	40
15384	40
15385	40
15386	40
15387	41
15388	42
15389	42
15390	42
15391	42
15392	43
15393	43
15394	43
15395	43
15396	43
15397	43
15398	43
15399	42
15400	42
15401	43
15402	43
15403	44
15404	43
15405	43
15406	43
15407	43
15408	43
15409	42
15410	42
15411	42
15412	42
15413	44
15414	44
15415	45
15416	44
15417	44
15418	43
15419	43
15420	43
15421	43
15422	43
15423	43
15424	43
15425	43
15426	43
15427	43
15428	44
15429	44
15430	44
15431	44
15432	44
15433	45
15434	45
15435	45
15436	45
15437	44
15438	44
15439	43
15440	43
15441	43
15442	45
15443	45
15444	45
15445	44
15446	42
15447	42
15448	41
15449	42
15450	42
15451	42
15452	42
15453	42
15454	40
15455	40
15456	38
15457	37
15458	37
15459	37
15460	37
15461	39
15462	39
15463	40
15464	40
15465	40
15466	40
15467	41
15468	42
15469	43
15470	43
15471	44
15472	44
15473	44
15474	43
15475	43
15476	41
15477	41
15478	41
15479	41
15480	41
15481	41
15482	41
15483	42
15484	41
15485	41
15486	41
15487	40
15488	41
15489	39
15490	39
15491	36
15492	35
15493	36
15494	35
15495	35
15496	34
15497	34
15498	33
15499	33
15500	33
15501	33
15502	33
15503	33
15504	33
15505	35
15506	34
15507	34
15508	34
15509	34
15510	34
15511	35
15512	36
15513	35
15514	34
15515	35
15516	35
15517	35
15518	34
15519	36
15520	36
15521	39
15522	40
15523	41
15524	42
15525	43
15526	43
15527	43
15528	44
15529	44
15530	44
15531	44
15532	44
15533	44
15534	46
15535	46
15536	47
15537	47
15538	47
15539	45
15540	45
15541	45
15542	45
15543	45
15544	46
15545	46
15546	46
15547	47
15548	47
15549	47
15550	47
15551	47
15552	47
15553	50
15554	50
15555	50
15556	50
15557	50
15558	51
15559	51
15560	51
15561	52
15562	52
15563	53
15564	52
15565	53
15566	54
15567	56
15568	53
15569	54
15570	54
15571	54
15572	55
15573	55
15574	56
15575	58
15576	58
15577	58
15578	58
15579	58
15580	58
15581	58
15582	58
15583	58
15584	58
15585	57
15586	57
15587	55
15588	55
15589	57
15590	57
15591	57
15592	57
15593	56
15594	57
15595	56
15596	56
15597	56
15598	57
15599	57
15600	57
15601	58
15602	58
15603	58
15604	59
15605	59
15606	60
15607	60
15608	61
15609	61
15610	61
15611	61
15612	62
15613	63
15614	62
15615	62
15616	63
15617	64
15618	64
15619	64
15620	65
15621	65
15622	65
15623	65
15624	66
15625	66
15626	66
15627	67
15628	66
15629	66
15630	69
15631	67
15632	68
15633	69
15634	70
15635	70
15636	72
15637	71
15638	70
15639	71
15640	73
15641	72
15642	72
15643	73
15644	75
15645	73
15646	73
15647	70
15648	69
15649	68
15650	67
15651	66
15652	66
15653	69
15654	68
15655	67
15656	68
15657	69
15658	69
15659	71
15660	70
15661	70
15662	69
15663	69
15664	69
15665	71
15666	72
15667	72
15668	73
15669	75
15670	74
15671	74
15672	76
15673	75
15674	75
15675	75
15676	75
15677	75
15678	75
15679	72
15680	71
15681	71
15682	71
15683	71
15684	72
15685	71
15686	71
15687	71
15688	74
15689	74
15690	75
15691	75
15692	74
15693	72
15694	72
15695	71
15696	72
15697	73
15698	71
15699	71
15700	71
15701	68
15702	69
15703	69
15704	69
15705	72
15706	73
15707	73
15708	76
15709	78
15710	78
15711	78
15712	79
15713	79
15714	80
15715	80
15716	81
15717	86
15718	87
15719	87
15720	87
15721	87
15722	88
15723	87
15724	86
15725	86
15726	87
15727	86
15728	87
15729	87
15730	86
15731	88
15732	88
15733	88
15734	87
15735	86
15736	86
15737	87
15738	88
15739	89
15740	91
15741	91
15742	92
15743	93
15744	92
15745	94
15746	93
15747	94
15748	94
15749	94
15750	95
15751	95
15752	100
15753	101
15754	101
15755	101
15756	98
15757	99
15758	99
15759	98
15760	97
15761	98
15762	96
15763	98
15764	98
15765	97
15766	95
15767	95
15768	95
15769	95
15770	94
15771	97
15772	97
15773	99
15774	99
15775	100
15776	100
15777	100
15778	99
15779	97
15780	97
15781	97
15782	97
15783	96
15784	98
15785	96
15786	95
15787	95
15788	95
15789	95
15790	95
15791	92
15792	91
15793	90
15794	91
15795	89
15796	89
15797	89
15798	88
15799	88
15800	88
15801	89
15802	89
15803	89
15804	89
15805	89
15806	89
15807	89
15808	91
15809	92
15810	90
15811	90
15812	90
15813	89
15814	87
15815	86
15816	86
15817	84
15818	85
15819	85
15820	85
15821	86
15822	86
15823	85
15824	85
15825	85
15826	84
15827	85
15828	84
15829	84
15830	84
15831	81
15832	80
15833	81
15834	79
15835	80
15836	81
15837	81
15838	81
15839	81
15840	81
15841	81
15842	79
15843	74
15844	73
15845	73
15846	73
15847	73
15848	72
15849	72
15850	72
15851	72
15852	71
15853	71
15854	71
15855	71
15856	73
15857	71
15858	70
15859	70
15860	70
15861	70
15862	70
15863	71
15864	71
15865	69
15866	67
15867	67
15868	64
15869	64
15870	65
15871	63
15872	63
15873	63
15874	64
15875	64
15876	63
15877	63
15878	59
15879	58
15880	59
15881	60
15882	60
15883	59
15884	58
15885	58
15886	59
15887	58
15888	58
15889	55
15890	55
15891	55
15892	55
15893	55
15894	56
15895	55
15896	56
15897	55
15898	55
15899	52
15900	53
15901	52
15902	52
15903	53
15904	55
15905	55
15906	55
15907	55
15908	55
15909	55
15910	53
15911	53
15912	53
15913	53
15914	53
15915	53
15916	53
15917	54
15918	53
15919	53
15920	53
15921	54
15922	54
15923	54
15924	54
15925	54
15926	54
15927	53
15928	54
15929	54
15930	54
15931	55
15932	57
15933	57
15934	55
15935	55
15936	56
15937	58
15938	58
15939	58
15940	59
15941	59
15942	59
15943	60
15944	60
15945	60
15946	60
15947	59
15948	59
15949	61
15950	61
15951	61
15952	63
15953	63
15954	63
15955	63
15956	65
15957	65
15958	64
15959	64
15960	63
15961	63
15962	62
15963	62
15964	62
15965	62
15966	62
15967	59
15968	59
15969	59
15970	59
15971	59
15972	59
15973	59
15974	59
15975	59
15976	59
15977	61
15978	61
15979	62
15980	62
15981	62
15982	60
15983	60
15984	60
15985	60
15986	60
15987	59
15988	58
15989	57
15990	56
15991	57
15992	57
15993	57
15994	57
15995	57
15996	56
15997	57
15998	56
15999	56
16000	56
16001	55
16002	55
16003	56
16004	55
16005	54
16006	55
16007	54
16008	54
16009	54
16010	53
16011	53
16012	53
16013	53
16014	53
16015	54
16016	55
16017	56
16018	57
16019	57
16020	56
16021	54
16022	54
16023	53
16024	53
16025	53
16026	52
16027	52
16028	53
16029	50
16030	48
16031	48
16032	48
16033	48
16034	48
16035	48
16036	48
16037	48
16038	48
16039	49
16040	49
16041	52
16042	53
16043	52
16044	52
16045	52
16046	51
16047	50
16048	50
16049	49
16050	49
16051	49
16052	49
16053	49
16054	48
16055	48
16056	48
16057	47
16058	45
16059	45
16060	45
16061	45
16062	44
16063	41
16064	42
16065	42
16066	41
16067	40
16068	40
16069	38
16070	39
16071	40
16072	42
16073	42
16074	43
16075	41
16076	41
16077	41
16078	39
16079	38
16080	38
16081	38
16082	37
16083	37
16084	37
16085	38
16086	36
16087	36
16088	35
16089	36
16090	36
16091	36
16092	36
16093	37
16094	37
16095	37
16096	38
16097	38
16098	39
16099	39
16100	39
16101	39
16102	37
16103	36
16104	36
16105	35
16106	35
16107	35
16108	35
16109	35
16110	35
16111	35
16112	35
16113	35
16114	35
16115	35
16116	36
16117	36
16118	36
16119	37
16120	37
16121	36
16122	37
16123	37
16124	38
16125	37
16126	37
16127	37
16128	37
16129	37
16130	37
16131	37
16132	35
16133	35
16134	36
16135	36
16136	37
16137	37
16138	36
16139	36
16140	36
16141	35
16142	35
16143	35
16144	34
16145	34
16146	34
16147	34
16148	35
16149	35
16150	36
16151	36
16152	36
16153	36
16154	35
16155	35
16156	35
16157	35
16158	36
16159	36
16160	36
16161	36
16162	36
16163	38
16164	38
16165	38
16166	38
16167	37
16168	36
16169	37
16170	37
16171	37
16172	37
16173	37
16174	37
16175	37
16176	37
16177	40
16178	40
16179	40
16180	41
16181	41
16182	42
16183	42
16184	44
16185	43
16186	45
16187	45
16188	45
16189	46
16190	46
16191	46
16192	46
16193	46
16194	46
16195	46
16196	45
16197	44
16198	42
16199	42
16200	40
16201	41
16202	42
16203	42
16204	42
16205	42
16206	42
16207	42
16208	41
16209	42
16210	43
16211	42
16212	41
16213	41
16214	41
16215	40
16216	40
16217	40
16218	39
16219	38
16220	38
16221	38
16222	37
16223	39
16224	39
16225	39
16226	39
16227	39
16228	39
16229	39
16230	39
16231	39
16232	39
16233	39
16234	40
16235	40
16236	41
16237	42
16238	42
16239	42
16240	42
16241	43
16242	42
16243	41
16244	41
16245	39
16246	40
16247	40
16248	39
16249	37
16250	37
16251	37
16252	37
16253	37
16254	37
16255	36
16256	36
16257	36
16258	36
16259	36
16260	35
16261	35
16262	34
16263	35
16264	36
16265	36
16266	36
16267	35
16268	36
16269	35
16270	35
16271	35
16272	35
16273	35
16274	35
16275	35
16276	34
16277	34
16278	34
16279	34
16280	34
16281	34
16282	34
16283	34
16284	33
16285	33
16286	33
16287	34
16288	35
16289	33
16290	34
16291	33
16292	33
16293	31
16294	31
16295	30
16296	30
16297	30
16298	30
16299	31
16300	31
16301	31
16302	32
16303	29
16304	29
16305	30
16306	31
16307	31
16308	32
16309	32
16310	31
16311	32
16312	31
16313	33
16314	34
16315	33
16316	33
16317	33
16318	36
16319	37
16320	41
16321	42
16322	42
16323	42
16324	43
16325	43
16326	44
16327	43
16328	42
16329	45
16330	46
16331	47
16332	48
16333	49
16334	50
16335	53
16336	54
16337	55
16338	55
16339	56
16340	59
16341	60
16342	62
16343	63
16344	65
16345	66
16346	66
16347	66
16348	66
16349	64
16350	63
16351	63
16352	64
16353	64
16354	65
16355	66
16356	67
16357	68
16358	69
16359	69
16360	70
16361	71
16362	73
16363	73
16364	76
16365	78
16366	78
16367	77
16368	77
16369	77
16370	78
16371	79
16372	81
16373	84
16374	85
16375	86
16376	86
16377	86
16378	91
16379	91
16380	92
16381	92
16382	92
16383	92
16384	92
16385	93
16386	96
16387	96
16388	96
16389	95
16390	94
16391	95
16392	95
16393	95
16394	94
16395	94
16396	94
16397	94
16398	95
16399	95
16400	98
16401	98
16402	98
16403	101
16404	101
16405	101
16406	101
16407	102
16408	103
16409	103
16410	103
16411	102
16412	102
16413	101
16414	102
16415	102
16416	101
16417	101
16418	101
16419	102
16420	102
16421	102
16422	103
16423	103
16424	104
16425	103
16426	106
16427	109
16428	108
16429	111
16430	111
16431	113
16432	111
16433	111
16434	110
16435	110
16436	109
16437	107
16438	106
16439	106
16440	105
16441	106
16442	105
16443	105
16444	103
16445	102
16446	98
16447	99
16448	100
16449	101
16450	101
16451	102
16452	101
16453	103
16454	104
16455	101
16456	100
16457	100
16458	101
16459	99
16460	98
16461	95
16462	93
16463	93
16464	92
16465	91
16466	88
16467	89
16468	87
16469	86
16470	84
16471	84
16472	84
16473	86
16474	87
16475	87
16476	87
16477	87
16478	87
16479	87
16480	88
16481	88
16482	89
16483	89
16484	88
16485	88
16486	87
16487	86
16488	84
16489	83
16490	81
16491	79
16492	79
16493	79
16494	79
16495	80
16496	77
16497	76
16498	77
16499	75
16500	75
16501	74
16502	75
16503	75
16504	71
16505	73
16506	73
16507	73
16508	76
16509	77
16510	79
16511	79
16512	78
16513	80
16514	81
16515	82
16516	82
16517	81
16518	84
16519	85
16520	86
16521	86
16522	87
16523	87
16524	87
16525	88
16526	86
16527	86
16528	87
16529	85
16530	86
16531	86
16532	87
16533	86
16534	88
16535	89
16536	90
16537	92
16538	96
16539	98
16540	97
16541	97
16542	97
16543	97
16544	98
16545	97
16546	97
16547	97
16548	96
16549	97
16550	96
16551	97
16552	94
16553	95
16554	95
16555	94
16556	95
16557	97
16558	97
16559	99
16560	100
16561	102
16562	102
16563	104
16564	106
16565	105
16566	106
16567	107
16568	108
16569	109
16570	106
16571	107
16572	111
16573	112
16574	114
16575	114
16576	113
16577	112
16578	112
16579	110
16580	109
16581	109
16582	110
16583	110
16584	109
16585	110
16586	110
16587	112
16588	115
16589	116
16590	116
16591	118
16592	118
16593	118
16594	119
16595	120
16596	120
16597	120
16598	122
16599	125
16600	125
16601	126
16602	127
16603	130
16604	129
16605	130
16606	129
16607	131
16608	131
16609	131
16610	134
16611	134
16612	135
16613	136
16614	135
16615	135
16616	135
16617	137
16618	137
16619	135
16620	135
16621	135
16622	136
16623	141
16624	141
16625	140
16626	140
16627	141
16628	142
16629	146
16630	147
16631	148
16632	147
16633	149
16634	150
16635	149
16636	149
16637	150
16638	151
16639	151
16640	150
16641	151
16642	152
16643	154
16644	152
16645	152
16646	154
16647	157
16648	156
16649	158
16650	157
16651	156
16652	156
16653	159
16654	159
16655	158
16656	156
16657	157
16658	159
16659	163
16660	163
16661	164
16662	163
16663	164
16664	162
16665	168
16666	171
16667	178
16668	181
16669	182
16670	184
16671	189
16672	190
16673	192
16674	194
16675	195
16676	195
16677	199
16678	200
16679	198
16680	199
16681	200
16682	201
16683	198
16684	199
16685	198
16686	197
16687	195
16688	196
16689	194
16690	191
16691	193
16692	195
16693	198
16694	199
16695	200
16696	199
16697	199
16698	195
16699	195
16700	194
16701	196
16702	196
16703	196
16704	196
16705	196
16706	197
16707	197
16708	196
16709	194
16710	194
16711	193
16712	195
16713	204
16714	200
16715	201
16716	203
16717	202
16718	202
16719	204
16720	205
16721	205
16722	207
16723	208
16724	206
16725	209
16726	209
16727	209
16728	209
16729	206
16730	205
16731	216
16732	222
16733	221
16734	231
16735	232
16736	234
16737	236
16738	237
16739	237
16740	238
16741	242
16742	246
16743	248
16744	249
16745	250
16746	253
16747	255
16748	257
16749	256
16750	256
16751	261
16752	264
16753	263
16754	261
16755	258
16756	258
16757	260
16758	263
16759	262
16760	258
16761	263
16762	266
16763	268
16764	266
16765	265
16766	268
16767	266
16768	269
16769	266
16770	265
16771	265
16772	263
16773	262
16774	264
16775	264
16776	267
16777	270
16778	269
16779	267
16780	268
16781	273
16782	276
16783	275
16784	275
16785	274
16786	272
16787	273
16788	277
16789	275
16790	271
16791	267
16792	264
16793	257
16794	253
16795	254
16796	253
16797	250
16798	249
16799	250
16800	248
16801	252
16802	251
16803	248
16804	241
16805	242
16806	243
16807	243
16808	245
16809	249
16810	249
16811	249
16812	247
16813	249
16814	251
16815	251
16816	251
16817	251
16818	249
16819	246
16820	244
16821	245
16822	249
16823	249
16824	252
16825	254
16826	257
16827	256
16828	258
16829	262
16830	267
16831	270
16832	272
16833	272
16834	272
16835	272
16836	274
16837	277
16838	280
16839	281
16840	282
16841	281
16842	281
16843	283
16844	286
16845	286
16846	287
16847	286
16848	288
16849	288
16850	288
16851	288
16852	287
16853	287
16854	287
16855	286
16856	289
16857	281
16858	279
16859	276
16860	273
16861	276
16862	275
16863	274
16864	275
16865	274
16866	278
16867	275
16868	274
16869	277
16870	280
16871	285
16872	288
16873	294
16874	293
16875	291
16876	289
16877	286
16878	282
16879	285
16880	287
16881	288
16882	286
16883	283
16884	284
16885	284
16886	285
16887	283
16888	282
16889	281
16890	285
16891	287
16892	286
16893	290
16894	289
16895	289
16896	292
16897	295
16898	298
16899	301
16900	304
16901	306
16902	308
16903	308
16904	311
16905	312
16906	313
16907	311
16908	310
16909	311
16910	316
16911	318
16912	323
16913	324
16914	322
16915	326
16916	330
16917	336
16918	337
16919	340
16920	343
16921	347
16922	347
16923	351
16924	355
16925	354
16926	364
16927	365
16928	367
16929	377
16930	383
16931	392
16932	402
16933	402
16934	402
16935	404
16936	411
16937	412
16938	417
16939	425
16940	429
16941	433
16942	440
16943	447
16944	451
16945	455
16946	458
16947	456
16948	454
16949	458
16950	463
16951	464
16952	463
16953	462
16954	466
16955	464
16956	470
16957	471
16958	474
16959	474
16960	478
16961	487
16962	494
16963	493
16964	493
16965	494
16966	503
16967	501
16968	505
16969	507
16970	511
16971	518
16972	518
16973	528
16974	528
16975	527
16976	526
16977	538
16978	541
16979	541
16980	540
16981	538
16982	541
16983	541
16984	541
16985	543
16986	544
16987	541
16988	540
16989	542
16990	539
16991	540
16992	536
16993	536
16994	538
16995	532
16996	536
16997	530
16998	527
16999	523
17000	522
17001	523
17002	522
17003	525
17004	529
17005	530
17006	529
17007	534
17008	535
17009	536
17010	536
17011	538
17012	540
17013	541
17014	539
17015	539
17016	540
17017	536
17018	540
17019	538
17020	539
17021	540
17022	536
17023	534
