REF	POS	COV	A	C	G	T	DEL	REFSKIP	SAMPLE
1	14406	103	0	102	1	0	0	0	UDP7211
1	14407	105	0	0	0	105	0	0	UDP7211
1	14408	105	0	0	105	0	0	0	UDP7211
1	14409	105	0	105	0	0	0	0	UDP7211
1	14410	105	0	0	3	102	0	0	UDP7211
1	14411	105	0	105	0	0	0	0	UDP7211
1	14412	105	105	0	0	0	0	0	UDP7211
1	14413	106	0	0	106	0	0	0	UDP7211
1	14414	109	1	3	0	105	0	0	UDP7211
1	14415	109	0	0	0	109	0	0	UDP7211
1	14416	109	0	109	0	0	0	0	UDP7211
1	14417	110	0	1	0	109	0	0	UDP7211
1	14418	109	0	0	0	109	0	0	UDP7211
1	14419	108	0	0	0	108	0	0	UDP7211
1	14420	109	109	0	0	0	0	0	UDP7211
1	14421	111	0	0	0	111	0	0	UDP7211
1	14422	112	0	0	0	112	0	0	UDP7211
1	14423	112	0	0	112	0	0	0	UDP7211
1	14424	112	112	0	0	0	0	0	UDP7211
1	14425	110	0	0	0	110	0	0	UDP7211
1	14426	109	0	0	1	108	0	0	UDP7211
1	14427	108	0	0	108	0	0	0	UDP7211
1	14428	108	0	0	108	0	0	0	UDP7211
1	14429	108	1	0	0	107	0	0	UDP7211
1	14430	106	0	0	106	0	0	0	UDP7211
1	14431	106	0	0	0	106	0	0	UDP7211
1	14432	106	0	0	106	0	0	0	UDP7211
1	14433	107	0	106	1	0	0	0	UDP7211
1	14434	109	0	109	0	0	0	0	UDP7211
1	14435	108	2	0	106	0	0	0	UDP7211
1	14436	108	0	0	0	108	0	0	UDP7211
1	14437	108	0	1	0	107	0	0	UDP7211
1	14438	107	0	0	0	107	0	0	UDP7211
1	14439	107	0	0	1	106	0	0	UDP7211
1	14440	106	0	106	0	0	0	0	UDP7211
1	14441	106	0	0	0	106	0	0	UDP7211
1	14442	107	0	107	0	0	0	0	UDP7211
1	14443	107	0	0	0	107	0	0	UDP7211
1	14444	106	0	0	106	0	0	0	UDP7211
1	14445	104	0	0	104	0	0	0	UDP7211
1	14446	106	105	0	0	1	0	0	UDP7211
1	14447	106	106	0	0	0	0	0	UDP7211
1	14448	105	0	0	105	0	0	0	UDP7211
1	14449	106	0	106	0	0	0	0	UDP7211
1	14450	106	0	106	0	0	0	0	UDP7211
1	14451	105	0	0	0	105	0	0	UDP7211
1	14452	105	0	105	0	0	0	0	UDP7211
1	14453	104	0	0	0	104	0	0	UDP7211
1	14454	104	0	0	0	104	0	0	UDP7211
1	14455	103	103	0	0	0	0	0	UDP7211
1	14456	103	103	0	0	0	0	0	UDP7211
1	14457	102	0	0	102	0	0	0	UDP7211
1	14458	103	103	0	0	0	0	0	UDP7211
1	14459	104	104	0	0	0	0	0	UDP7211
1	14460	105	0	104	1	0	0	0	UDP7211
1	14461	105	105	0	0	0	0	0	UDP7211
1	14462	104	0	104	0	0	0	0	UDP7211
1	14463	105	104	0	1	0	0	0	UDP7211
1	14464	107	0	0	107	0	0	0	UDP7211
1	14465	106	0	0	1	105	0	0	UDP7211
1	14466	109	0	0	109	0	0	0	UDP7211
1	14467	108	0	0	108	0	0	0	UDP7211
1	14468	107	0	107	0	0	0	0	UDP7211
1	14469	104	0	0	104	0	0	0	UDP7211
1	14470	104	0	104	0	0	0	0	UDP7211
1	14471	106	106	0	0	0	0	0	UDP7211
1	14472	107	0	0	107	0	0	0	UDP7211
1	14473	107	0	0	107	0	0	0	UDP7211
1	14474	109	0	109	0	0	0	0	UDP7211
1	14475	110	0	0	1	109	0	0	UDP7211
1	14476	110	0	0	110	0	0	0	UDP7211
1	14477	110	0	0	110	0	0	0	UDP7211
1	14478	110	0	0	110	0	0	0	UDP7211
1	14479	109	0	0	0	109	0	0	UDP7211
1	14480	108	0	0	108	0	0	0	UDP7211
1	14481	109	0	0	109	0	0	0	UDP7211
1	14482	109	109	0	0	0	0	0	UDP7211
1	14483	107	0	0	107	0	0	0	UDP7211
1	14484	104	0	104	0	0	0	0	UDP7211
1	14485	105	0	105	0	0	0	0	UDP7211
1	14486	102	0	0	102	0	0	0	UDP7211
1	14487	102	0	2	0	100	0	0	UDP7211
1	14488	104	1	103	0	0	0	0	UDP7211
1	14489	103	1	102	0	0	0	0	UDP7211
1	14490	101	0	101	0	0	0	0	UDP7211
1	14491	99	0	99	0	0	0	0	UDP7211
1	14492	100	0	100	0	0	0	0	UDP7211
1	14493	99	0	99	0	0	0	0	UDP7211
1	14494	98	98	0	0	0	0	0	UDP7211
1	14495	98	0	0	0	98	0	0	UDP7211
1	14496	96	0	0	96	0	0	0	UDP7211
1	14497	95	0	0	95	0	0	0	UDP7211
1	14498	95	94	1	0	0	0	0	UDP7211
1	14499	95	0	0	95	0	0	0	UDP7211
1	14500	95	1	94	0	0	0	0	UDP7211
1	14501	96	96	0	0	0	0	0	UDP7211
1	14502	96	0	96	0	0	0	0	UDP7211
1	14503	96	95	0	1	0	0	0	UDP7211
1	14504	94	0	0	94	0	0	0	UDP7211
1	14505	94	0	0	94	0	0	0	UDP7211
1	14506	91	0	91	0	0	0	0	UDP7211
1	14507	90	90	0	0	0	0	0	UDP7211
1	14508	90	0	0	90	0	0	0	UDP7211
1	14509	89	89	0	0	0	0	0	UDP7211
1	14510	90	0	90	0	0	0	0	UDP7211
1	14511	90	90	0	0	0	0	0	UDP7211
1	14512	86	1	0	85	0	0	0	UDP7211
1	14513	86	85	1	0	0	0	0	UDP7211
1	14514	86	86	0	0	0	0	0	UDP7211
1	14515	86	0	0	86	0	0	0	UDP7211
1	14516	86	0	0	0	86	0	0	UDP7211
1	14517	86	0	86	0	0	0	0	UDP7211
1	14518	86	0	86	0	0	0	0	UDP7211
1	14519	85	0	84	1	0	0	0	UDP7211
1	14520	85	0	85	0	0	0	0	UDP7211
1	14521	85	5	0	80	0	0	0	UDP7211
1	14522	84	0	84	0	0	0	0	UDP7211
1	14523	83	1	82	0	0	0	0	UDP7211
1	14524	83	0	83	0	0	0	0	UDP7211
1	14525	86	0	86	0	0	0	0	UDP7211
1	14526	88	88	0	0	0	0	0	UDP7211
1	14527	86	0	0	86	0	0	0	UDP7211
1	14528	87	0	87	0	0	0	0	UDP7211
1	14529	86	0	0	0	86	0	0	UDP7211
1	14530	88	0	0	88	0	0	0	UDP7211
1	14531	86	0	0	0	86	0	0	UDP7211
1	14532	85	0	0	85	0	0	0	UDP7211
1	14533	84	0	0	0	84	0	0	UDP7211
1	14534	84	0	0	84	0	0	0	UDP7211
1	14535	83	0	0	83	0	0	0	UDP7211
1	14536	84	0	84	0	0	0	0	UDP7211
1	14537	85	0	84	1	0	0	0	UDP7211
1	14538	85	0	0	0	85	0	0	UDP7211
1	14539	86	0	86	0	0	0	0	UDP7211
1	14540	83	83	0	0	0	0	0	UDP7211
1	14541	82	77	0	5	0	0	0	UDP7211
1	14542	84	0	0	84	0	0	0	UDP7211
1	14543	84	0	84	0	0	0	0	UDP7211
1	14544	84	0	83	0	1	0	0	UDP7211
1	14545	84	84	0	0	0	0	0	UDP7211
1	14546	83	0	0	83	0	0	0	UDP7211
1	14547	82	0	80	2	0	0	0	UDP7211
1	14548	82	0	82	0	0	0	0	UDP7211
1	14549	82	0	0	0	82	0	0	UDP7211
1	14550	81	0	0	0	81	0	0	UDP7211
1	14551	81	0	81	0	0	0	0	UDP7211
1	14552	82	0	81	1	0	0	0	UDP7211
1	14553	84	0	0	84	0	0	0	UDP7211
1	14554	83	0	83	0	0	0	0	UDP7211
1	14555	83	1	0	2	80	0	0	UDP7211
1	14556	84	0	84	0	0	0	0	UDP7211
1	14557	87	0	87	0	0	0	0	UDP7211
1	14558	87	0	1	0	86	0	0	UDP7211
1	14559	87	0	0	0	87	0	0	UDP7211
1	14560	85	0	0	85	0	0	0	UDP7211
1	14561	85	84	1	0	0	0	0	UDP7211
1	14562	87	87	0	0	0	0	0	UDP7211
1	14563	87	0	0	86	0	0	0	UDP7211
1	14564	87	0	87	0	0	0	0	UDP7211
1	14565	87	0	0	0	87	0	0	UDP7211
1	14566	88	0	0	88	0	0	0	UDP7211
1	14567	88	0	0	88	0	0	0	UDP7211
1	14568	87	0	0	1	86	0	0	UDP7211
1	14569	86	0	86	0	0	0	0	UDP7211
1	14570	86	0	0	0	86	0	0	UDP7211
1	14571	86	0	86	0	0	0	0	UDP7211
1	14572	84	0	84	0	0	0	0	UDP7211
1	14573	83	79	0	4	0	0	0	UDP7211
1	14574	84	2	82	0	0	0	0	UDP7211
1	14575	82	82	0	0	0	0	0	UDP7211
1	14576	82	0	82	0	0	0	0	UDP7211
1	14577	81	80	1	0	0	0	0	UDP7211
1	14578	81	0	0	81	0	0	0	UDP7211
1	14579	81	0	0	1	80	0	0	UDP7211
1	14580	81	0	0	81	0	0	0	UDP7211
1	14581	79	0	79	0	0	0	0	UDP7211
1	14582	79	0	0	0	79	0	0	UDP7211
1	14583	79	0	0	79	0	0	0	UDP7211
1	14584	78	1	0	77	0	0	0	UDP7211
1	14585	78	0	0	0	78	0	0	UDP7211
1	14586	77	0	0	0	77	0	0	UDP7211
1	14587	78	0	77	1	0	0	0	UDP7211
1	14588	75	0	75	0	0	0	0	UDP7211
1	14589	74	4	0	70	0	0	0	UDP7211
1	14590	72	0	0	0	72	0	0	UDP7211
1	14591	73	0	73	0	0	0	0	UDP7211
1	14592	70	70	0	0	0	0	0	UDP7211
1	14593	70	0	70	0	0	0	0	UDP7211
1	14594	72	0	72	0	0	0	0	UDP7211
1	14595	71	0	71	0	0	0	0	UDP7211
1	14596	72	0	71	0	0	0	0	UDP7211
1	14597	71	0	71	0	0	0	0	UDP7211
1	14598	69	0	0	0	69	0	0	UDP7211
1	14599	69	0	69	0	0	0	0	UDP7211
1	14600	67	0	67	0	0	0	0	UDP7211
1	14601	68	0	68	0	0	0	0	UDP7211
1	14602	69	69	0	0	0	0	0	UDP7211
1	14603	69	69	0	0	0	0	0	UDP7211
1	14604	70	0	0	70	0	0	0	UDP7211
1	14605	70	0	0	70	0	0	0	UDP7211
1	14606	68	68	0	0	0	0	0	UDP7211
1	14607	67	67	0	0	0	0	0	UDP7211
1	14608	67	0	0	67	0	0	0	UDP7211
1	14609	68	0	0	0	68	0	0	UDP7211
1	14610	66	66	0	0	0	0	0	UDP7211
1	14611	66	0	0	66	0	0	0	UDP7211
1	14612	66	0	0	66	0	0	0	UDP7211
1	14613	65	0	0	0	65	0	0	UDP7211
1	14614	65	0	65	0	0	0	0	UDP7211
1	14615	66	0	0	0	66	0	0	UDP7211
1	14616	67	0	0	67	0	0	0	UDP7211
1	14617	67	67	0	0	0	0	0	UDP7211
1	14618	66	0	0	66	0	0	0	UDP7211
1	14619	66	0	66	0	0	0	0	UDP7211
1	14620	66	66	0	0	0	0	0	UDP7211
1	14621	63	0	0	63	0	0	0	UDP7211
1	14622	63	0	63	0	0	0	0	UDP7211
1	14623	63	0	0	1	62	0	0	UDP7211
1	14624	63	0	0	0	63	0	0	UDP7211
1	14625	62	0	2	60	0	0	0	UDP7211
1	14626	64	0	0	1	63	0	0	UDP7211
1	14627	64	0	64	0	0	0	0	UDP7211
1	14628	66	0	66	0	0	0	0	UDP7211
1	14629	66	0	0	0	66	0	0	UDP7211
1	14630	66	0	0	66	0	0	0	UDP7211
1	14631	66	0	0	66	0	0	0	UDP7211
1	14632	66	0	66	0	0	0	0	UDP7211
1	14633	68	0	0	0	68	0	0	UDP7211
1	14634	68	0	0	68	0	0	0	UDP7211
1	14635	68	0	0	0	68	0	0	UDP7211
1	14636	69	0	0	69	0	0	0	UDP7211
1	14637	68	0	0	0	68	0	0	UDP7211
1	14638	68	0	68	0	0	0	0	UDP7211
1	14639	68	0	68	0	0	0	0	UDP7211
1	14640	69	69	0	0	0	0	0	UDP7211
1	14641	69	0	0	0	69	0	0	UDP7211
1	14642	68	0	0	68	0	0	0	UDP7211
1	14643	68	0	0	0	68	0	0	UDP7211
1	14644	68	0	68	0	0	0	0	UDP7211
1	14645	69	69	0	0	0	0	0	UDP7211
1	14646	69	0	0	69	0	0	0	UDP7211
1	14647	69	68	0	0	1	0	0	UDP7211
1	14648	69	0	0	69	0	0	0	UDP7211
1	14649	69	1	68	0	0	0	0	UDP7211
1	14650	69	69	0	0	0	0	0	UDP7211
1	14651	65	65	0	0	0	0	0	UDP7211
1	14652	64	0	63	0	1	0	0	UDP7211
1	14653	65	0	0	65	0	0	0	UDP7211
1	14654	64	0	0	64	0	0	0	UDP7211
1	14655	64	0	64	0	0	0	0	UDP7211
1	14656	62	0	62	0	0	0	0	UDP7211
1	14657	63	0	63	0	0	0	0	UDP7211
1	14658	63	63	0	0	0	0	0	UDP7211
1	14659	63	63	0	0	0	0	0	UDP7211
1	14660	63	0	0	63	0	0	0	UDP7211
1	14661	63	0	0	0	63	0	0	UDP7211
1	14662	64	0	64	0	0	0	0	UDP7211
1	14663	63	0	0	0	63	0	0	UDP7211
1	14664	64	0	0	64	0	0	0	UDP7211
1	14665	62	0	0	62	0	0	0	UDP7211
1	14666	62	0	0	62	0	0	0	UDP7211
1	14667	62	0	0	0	62	0	0	UDP7211
1	14668	60	0	59	0	1	0	0	UDP7211
1	14669	60	0	0	0	60	0	0	UDP7211
1	14670	63	0	0	62	0	1	0	UDP7211
1	14671	64	0	0	64	0	0	0	UDP7211
1	14672	63	0	9	54	0	0	0	UDP7211
1	14673	65	0	0	65	0	0	0	UDP7211
1	14674	66	0	0	66	0	0	0	UDP7211
1	14675	67	0	0	67	0	0	0	UDP7211
1	14676	67	0	0	67	0	0	0	UDP7211
1	14677	67	67	0	0	0	0	0	UDP7211
1	14678	66	66	0	0	0	0	0	UDP7211
1	14679	64	0	0	63	1	0	0	UDP7211
1	14680	65	0	0	65	0	0	0	UDP7211
1	14681	65	0	0	0	65	0	0	UDP7211
1	14682	64	0	0	64	0	0	0	UDP7211
1	14683	61	0	0	0	61	0	0	UDP7211
1	14684	61	0	61	0	0	0	0	UDP7211
1	14685	61	61	0	0	0	0	0	UDP7211
1	14686	61	0	0	0	61	0	0	UDP7211
1	14687	61	1	0	60	0	0	0	UDP7211
1	14688	60	0	0	60	0	0	0	UDP7211
1	14689	60	59	1	0	0	0	0	UDP7211
1	14690	62	0	0	62	0	0	0	UDP7211
1	14691	62	0	62	0	0	0	0	UDP7211
1	14692	62	0	62	0	0	0	0	UDP7211
1	14693	62	0	62	0	0	0	0	UDP7211
1	14694	62	0	62	0	0	0	0	UDP7211
1	14695	63	0	62	0	1	0	0	UDP7211
1	14696	63	1	0	0	62	0	0	UDP7211
1	14697	64	64	0	0	0	0	0	UDP7211
1	14698	64	0	50	14	0	0	0	UDP7211
1	14699	69	0	0	69	0	0	0	UDP7211
1	14700	68	68	0	0	0	0	0	UDP7211
1	14701	72	0	0	0	72	0	0	UDP7211
1	14702	74	0	0	0	74	0	0	UDP7211
1	14703	77	0	77	0	0	0	0	UDP7211
1	14704	77	0	77	0	0	0	0	UDP7211
1	14705	78	0	78	0	0	0	0	UDP7211
1	14706	81	81	0	0	0	0	0	UDP7211
1	14707	81	0	0	81	0	0	0	UDP7211
1	14708	81	0	0	0	81	0	0	UDP7211
1	14709	82	0	82	0	0	0	0	UDP7211
1	14710	82	0	0	82	0	0	0	UDP7211
1	14711	82	0	0	0	82	0	0	UDP7211
1	14712	86	0	86	0	0	0	0	UDP7211
1	14713	84	1	83	0	0	0	0	UDP7211
1	14714	84	0	0	0	84	0	0	UDP7211
1	14715	84	0	84	0	0	0	0	UDP7211
1	14716	86	0	0	86	0	0	0	UDP7211
1	14717	85	0	0	0	85	0	0	UDP7211
1	14718	86	0	86	0	0	0	0	UDP7211
1	14719	86	0	86	0	0	0	0	UDP7211
1	14720	84	0	0	0	84	0	0	UDP7211
1	14721	84	0	84	0	0	0	0	UDP7211
1	14722	85	1	84	0	0	0	0	UDP7211
1	14723	84	0	1	0	83	0	0	UDP7211
1	14724	85	0	85	0	0	0	0	UDP7211
1	14725	86	0	0	0	86	0	0	UDP7211
1	14726	86	0	0	86	0	0	0	UDP7211
1	14727	84	0	84	0	0	0	0	UDP7211
1	14728	83	0	83	0	0	0	0	UDP7211
1	14729	84	1	0	0	83	0	0	UDP7211
1	14730	83	0	0	83	0	0	0	UDP7211
1	14731	83	0	0	1	82	0	0	UDP7211
1	14732	84	0	0	84	0	0	0	UDP7211
1	14733	85	0	0	85	0	0	0	UDP7211
1	14734	89	0	89	0	0	0	0	UDP7211
1	14735	89	0	0	0	89	0	0	UDP7211
1	14736	88	0	0	88	0	0	0	UDP7211
1	14737	87	0	87	0	0	0	0	UDP7211
1	14738	92	0	0	0	92	0	0	UDP7211
1	14739	92	0	0	92	0	0	0	UDP7211
1	14740	92	0	92	0	0	0	0	UDP7211
1	14741	94	0	0	94	0	0	0	UDP7211
1	14742	93	0	0	93	0	0	0	UDP7211
1	14743	94	0	0	0	94	0	0	UDP7211
1	14744	95	0	0	94	1	0	0	UDP7211
1	14745	95	0	0	95	0	0	0	UDP7211
1	14746	95	0	95	0	0	0	0	UDP7211
1	14747	96	0	0	96	0	0	0	UDP7211
1	14748	96	0	0	96	0	0	0	UDP7211
1	14749	97	0	97	0	0	0	0	UDP7211
1	14750	97	96	1	0	0	0	0	UDP7211
1	14751	97	0	0	97	0	0	0	UDP7211
1	14752	95	95	0	0	0	0	0	UDP7211
1	14753	95	0	0	95	0	0	0	UDP7211
1	14754	93	0	0	93	0	0	0	UDP7211
1	14755	95	94	0	0	1	0	0	UDP7211
1	14756	97	0	0	97	0	0	0	UDP7211
1	14757	97	0	0	97	0	0	0	UDP7211
1	14758	97	0	0	97	0	0	0	UDP7211
1	14759	96	94	0	2	0	0	0	UDP7211
1	14760	97	0	0	0	97	0	0	UDP7211
1	14761	98	0	0	98	0	0	0	UDP7211
1	14762	95	0	0	95	0	0	0	UDP7211
1	14763	96	94	1	1	0	0	0	UDP7211
1	14764	96	0	0	96	0	0	0	UDP7211
1	14765	96	0	0	0	96	0	0	UDP7211
1	14766	96	0	96	0	0	0	0	UDP7211
1	14767	96	0	0	0	96	0	0	UDP7211
1	14768	98	0	0	98	0	0	0	UDP7211
1	14769	100	100	0	0	0	0	0	UDP7211
1	14770	101	0	101	0	0	0	0	UDP7211
1	14771	102	102	0	0	0	0	0	UDP7211
1	14772	102	0	102	0	0	0	0	UDP7211
1	14773	103	0	0	103	0	0	0	UDP7211
1	14774	105	0	105	0	0	0	0	UDP7211
1	14775	105	0	0	105	0	0	0	UDP7211
1	14776	105	0	0	105	0	0	0	UDP7211
1	14777	107	0	0	107	0	0	0	UDP7211
1	14778	107	0	107	0	0	0	0	UDP7211
1	14779	108	108	0	0	0	0	0	UDP7211
1	14780	109	109	0	0	0	0	0	UDP7211
1	14781	109	109	0	0	0	0	0	UDP7211
1	14782	110	0	0	110	0	0	0	UDP7211
1	14783	109	0	0	109	0	0	0	UDP7211
1	14784	111	0	111	0	0	0	0	UDP7211
1	14785	112	0	0	0	112	0	0	UDP7211
1	14786	112	1	111	0	0	0	0	UDP7211
1	14787	113	0	113	0	0	0	0	UDP7211
1	14788	111	0	0	0	111	0	0	UDP7211
1	14789	112	0	112	0	0	0	0	UDP7211
1	14790	111	0	111	0	0	0	0	UDP7211
1	14791	112	2	0	110	0	0	0	UDP7211
1	14792	113	0	0	113	0	0	0	UDP7211
1	14793	113	0	0	113	0	0	0	UDP7211
1	14794	113	0	113	0	0	0	0	UDP7211
1	14795	113	1	112	0	0	0	0	UDP7211
1	14796	113	1	112	0	0	0	0	UDP7211
1	14797	113	0	113	0	0	0	0	UDP7211
1	14798	113	0	0	0	113	0	0	UDP7211
1	14799	110	1	109	0	0	0	0	UDP7211
1	14800	110	109	0	0	1	0	0	UDP7211
1	14801	111	0	111	0	0	0	0	UDP7211
1	14802	113	0	113	0	0	0	0	UDP7211
1	14803	114	114	0	0	0	0	0	UDP7211
1	14804	114	0	1	113	0	0	0	UDP7211
1	14805	115	0	115	0	0	0	0	UDP7211
1	14806	114	0	114	0	0	0	0	UDP7211
1	14807	115	1	114	0	0	0	0	UDP7211
1	14808	115	0	115	0	0	0	0	UDP7211
1	14809	116	115	1	0	0	0	0	UDP7211
1	14810	116	0	0	116	0	0	0	UDP7211
1	14811	116	0	0	116	0	0	0	UDP7211
1	14812	117	0	0	0	117	0	0	UDP7211
1	14813	118	0	118	0	0	0	0	UDP7211
1	14814	117	0	113	0	4	0	0	UDP7211
1	14815	117	0	1	0	116	0	0	UDP7211
1	14816	117	0	0	0	117	0	0	UDP7211
1	14817	118	0	0	0	118	0	0	UDP7211
1	14818	118	1	117	0	0	0	0	UDP7211
1	14819	119	0	119	0	0	0	0	UDP7211
1	14820	120	0	120	0	0	0	0	UDP7211
1	14821	120	119	1	0	0	0	0	UDP7211
1	14822	120	0	0	120	0	0	0	UDP7211
1	14823	118	116	1	1	0	0	0	UDP7211
1	14824	121	1	0	120	0	0	0	UDP7211
1	14825	119	118	0	1	0	0	0	UDP7211
1	14826	119	0	0	1	118	0	0	UDP7211
1	14827	115	0	0	115	0	0	0	UDP7211
1	14828	113	0	113	0	0	0	0	UDP7211
1	14829	110	0	110	0	0	0	0	UDP7211
1	14830	113	0	0	0	113	0	0	UDP7211
1	14831	113	0	0	113	0	0	0	UDP7211
1	14832	110	0	0	110	0	0	0	UDP7211
1	14833	111	110	1	0	0	0	0	UDP7211
1	14834	111	0	0	111	0	0	0	UDP7211
1	14835	110	0	0	110	0	0	0	UDP7211
1	14836	108	1	0	107	0	0	0	UDP7211
1	14837	108	108	0	0	0	0	0	UDP7211
1	14838	105	104	1	0	0	0	0	UDP7211
1	14839	105	105	0	0	0	0	0	UDP7211
1	14840	106	105	1	0	0	0	0	UDP7211
1	14841	106	0	1	105	0	0	0	UDP7211
1	14842	104	1	0	103	0	0	0	UDP7211
1	14843	107	0	107	0	0	0	0	UDP7211
1	14844	106	0	0	0	106	0	0	UDP7211
1	14845	107	0	0	107	0	0	0	UDP7211
1	14846	108	106	1	0	1	0	0	UDP7211
1	14847	109	0	1	108	0	0	0	UDP7211
1	14848	107	0	1	0	106	0	0	UDP7211
1	14849	108	0	0	108	0	0	0	UDP7211
1	14850	108	107	0	1	0	0	0	UDP7211
1	14851	108	1	1	106	0	0	0	UDP7211
1	14852	109	0	0	109	0	0	0	UDP7211
1	14853	109	0	0	109	0	0	0	UDP7211
1	14854	109	0	3	0	106	0	0	UDP7211
1	14855	109	0	0	109	0	0	0	UDP7211
1	14856	110	0	0	110	0	0	0	UDP7211
1	14857	111	0	2	0	109	0	0	UDP7211
1	14858	110	0	0	0	110	0	0	UDP7211
1	14859	110	0	0	110	0	0	0	UDP7211
1	14860	106	2	1	103	0	0	0	UDP7211
1	14861	107	1	0	0	106	0	0	UDP7211
1	14862	107	0	0	107	0	0	0	UDP7211
1	14863	109	0	0	108	1	0	0	UDP7211
1	14864	105	2	0	102	1	0	0	UDP7211
1	14865	105	105	0	0	0	0	0	UDP7211
1	14866	104	103	1	0	0	0	0	UDP7211
1	14867	100	99	0	1	0	0	0	UDP7211
1	14868	101	0	101	0	0	0	0	UDP7211
1	14869	99	0	98	0	1	0	0	UDP7211
1	14870	99	0	99	0	0	0	0	UDP7211
1	14871	99	0	0	0	99	0	0	UDP7211
1	14872	100	0	0	99	1	0	0	UDP7211
1	14873	101	1	0	100	0	0	0	UDP7211
1	14874	101	1	0	0	100	0	0	UDP7211
1	14875	101	0	0	0	101	0	0	UDP7211
1	14876	101	0	101	0	0	0	0	UDP7211
1	14877	100	0	100	0	0	0	0	UDP7211
1	14878	103	0	102	1	0	0	0	UDP7211
1	14879	103	0	103	0	0	0	0	UDP7211
1	14880	102	0	101	0	1	0	0	UDP7211
1	14881	100	99	0	0	1	0	0	UDP7211
1	14882	98	0	0	98	0	0	0	UDP7211
1	14883	99	0	99	0	0	0	0	UDP7211
1	14884	99	0	99	0	0	0	0	UDP7211
1	14885	99	1	98	0	0	0	0	UDP7211
1	14886	103	0	101	2	0	0	0	UDP7211
1	14887	103	0	103	0	0	0	0	UDP7211
1	14888	104	0	0	104	0	0	0	UDP7211
1	14889	105	0	0	105	0	0	0	UDP7211
1	14890	106	104	1	0	1	0	0	UDP7211
1	14891	108	0	1	107	0	0	0	UDP7211
1	14892	107	107	0	0	0	0	0	UDP7211
1	14893	107	1	105	1	0	0	0	UDP7211
1	14894	104	0	0	0	104	0	0	UDP7211
1	14895	102	0	0	0	102	0	0	UDP7211
1	14896	102	102	0	0	0	0	0	UDP7211
1	14897	104	104	0	0	0	0	0	UDP7211
1	14898	103	103	0	0	0	0	0	UDP7211
1	14899	104	0	0	0	104	0	0	UDP7211
1	14900	103	102	1	0	0	0	0	UDP7211
1	14901	105	0	105	0	0	0	0	UDP7211
1	14902	106	104	2	0	0	0	0	UDP7211
1	14903	105	0	0	105	0	0	0	UDP7211
1	14904	107	0	0	106	1	0	0	UDP7211
1	14905	105	105	0	0	0	0	0	UDP7211
1	14906	103	61	0	42	0	0	0	UDP7211
1	14907	104	0	1	102	1	0	0	UDP7211
1	14908	105	104	1	0	0	0	0	UDP7211
1	14909	107	107	0	0	0	0	0	UDP7211
1	14910	107	105	0	1	1	0	0	UDP7211
1	14911	108	108	0	0	0	0	0	UDP7211
1	14912	111	108	0	3	0	0	0	UDP7211
1	14913	111	0	0	111	0	0	0	UDP7211
1	14914	111	0	0	111	0	0	0	UDP7211
1	14915	113	0	112	1	0	0	0	UDP7211
1	14916	115	113	2	0	0	0	0	UDP7211
1	14917	116	0	0	116	0	0	0	UDP7211
1	14918	116	0	0	116	0	0	0	UDP7211
1	14919	115	112	2	1	0	0	0	UDP7211
1	14920	115	0	115	0	0	0	0	UDP7211
1	14921	118	118	0	0	0	0	0	UDP7211
1	14922	116	0	0	116	0	0	0	UDP7211
1	14923	116	116	0	0	0	0	0	UDP7211
1	14924	117	116	0	0	1	0	0	UDP7211
1	14925	118	0	0	1	117	0	0	UDP7211
1	14926	118	0	0	0	118	0	0	UDP7211
1	14927	119	119	0	0	0	0	0	UDP7211
1	14928	120	0	120	0	0	0	0	UDP7211
1	14929	121	71	0	47	3	0	0	UDP7211
1	14930	122	121	0	0	1	0	0	UDP7211
1	14931	125	0	0	125	0	0	0	UDP7211
1	14932	126	0	0	126	0	0	0	UDP7211
1	14933	125	0	0	1	124	0	0	UDP7211
1	14934	126	0	0	126	0	0	0	UDP7211
1	14935	127	0	126	1	0	0	0	UDP7211
1	14936	127	0	2	0	125	0	0	UDP7211
1	14937	127	0	0	127	0	0	0	UDP7211
1	14938	129	3	0	126	0	0	0	UDP7211
1	14939	128	0	128	0	0	0	0	UDP7211
1	14940	129	0	129	0	0	0	0	UDP7211
1	14941	129	0	129	0	0	0	0	UDP7211
1	14942	130	130	0	0	0	0	0	UDP7211
1	14943	130	0	0	130	0	0	0	UDP7211
1	14944	130	0	0	130	0	0	0	UDP7211
1	14945	129	0	0	128	1	0	0	UDP7211
1	14946	128	1	126	1	0	0	0	UDP7211
1	14947	127	22	0	105	0	0	0	UDP7211
1	14948	126	0	0	126	0	0	0	UDP7211
1	14949	129	0	0	129	0	0	0	UDP7211
1	14950	127	0	127	0	0	0	0	UDP7211
1	14951	127	127	0	0	0	0	0	UDP7211
1	14952	130	0	0	130	0	0	0	UDP7211
1	14953	130	0	129	1	0	0	0	UDP7211
1	14954	131	0	0	131	0	0	0	UDP7211
1	14955	131	0	0	131	0	0	0	UDP7211
1	14956	128	0	128	0	0	0	0	UDP7211
1	14957	130	0	130	0	0	0	0	UDP7211
1	14958	131	0	131	0	0	0	0	UDP7211
1	14959	132	0	0	0	132	0	0	UDP7211
1	14960	135	0	0	133	2	0	0	UDP7211
1	14961	135	0	135	0	0	0	0	UDP7211
1	14962	137	0	137	0	0	0	0	UDP7211
1	14963	137	0	0	0	137	0	0	UDP7211
1	14964	135	0	135	0	0	0	0	UDP7211
1	14965	136	0	136	0	0	0	0	UDP7211
1	14966	136	0	0	0	136	0	0	UDP7211
1	14967	136	136	0	0	0	0	0	UDP7211
1	14968	137	0	137	0	0	0	0	UDP7211
1	14969	135	0	134	1	0	0	0	UDP7211
1	14970	134	0	134	0	0	0	0	UDP7211
1	14971	134	0	0	1	133	0	0	UDP7211
1	14972	133	0	0	0	133	0	0	UDP7211
1	14973	133	0	0	133	0	0	0	UDP7211
1	14974	135	1	134	0	0	0	0	UDP7211
1	14975	135	0	0	134	1	0	0	UDP7211
1	14976	134	0	134	0	0	0	0	UDP7211
1	14977	133	0	133	0	0	0	0	UDP7211
1	14978	132	0	0	0	132	0	0	UDP7211
1	14979	132	0	132	0	0	0	0	UDP7211
1	14980	133	133	0	0	0	0	0	UDP7211
1	14981	133	0	0	0	133	0	0	UDP7211
1	14982	132	0	0	132	0	0	0	UDP7211
1	14983	131	131	0	0	0	0	0	UDP7211
1	14984	132	0	132	0	0	0	0	UDP7211
1	14985	131	0	131	0	0	0	0	UDP7211
1	14986	132	132	0	0	0	0	0	UDP7211
1	14987	132	0	0	132	0	0	0	UDP7211
1	14988	132	0	132	0	0	0	0	UDP7211
1	14989	130	0	2	0	128	0	0	UDP7211
1	14990	130	0	0	2	128	0	0	UDP7211
1	14991	130	0	0	130	0	0	0	UDP7211
1	14992	130	0	0	0	130	0	0	UDP7211
1	14993	130	0	0	0	130	0	0	UDP7211
1	14994	132	0	0	132	0	0	0	UDP7211
1	14995	135	135	0	0	0	0	0	UDP7211
1	14996	134	134	0	0	0	0	0	UDP7211
1	14997	134	0	0	134	0	0	0	UDP7211
1	14998	133	133	0	0	0	0	0	UDP7211
1	14999	132	0	11	121	0	0	0	UDP7211
1	15000	134	133	1	0	0	0	0	UDP7211
1	15001	133	0	0	0	133	0	0	UDP7211
1	15002	133	0	132	1	0	0	0	UDP7211
1	15003	133	0	133	0	0	0	0	UDP7211
1	15004	130	1	0	129	0	0	0	UDP7211
1	15005	131	131	0	0	0	0	0	UDP7211
1	15006	131	0	131	0	0	0	0	UDP7211
1	15007	131	131	0	0	0	0	0	UDP7211
1	15008	132	0	0	1	131	0	0	UDP7211
1	15009	132	0	132	0	0	0	0	UDP7211
1	15010	132	132	0	0	0	0	0	UDP7211
1	15011	131	131	0	0	0	0	0	UDP7211
1	15012	128	0	0	128	0	0	0	UDP7211
1	15013	129	0	0	0	129	0	0	UDP7211
1	15014	129	0	10	119	0	0	0	UDP7211
1	15015	128	0	128	0	0	0	0	UDP7211
1	15016	128	0	128	0	0	0	0	UDP7211
1	15017	127	1	125	0	1	0	0	UDP7211
1	15018	127	127	0	0	0	0	0	UDP7211
1	15019	127	0	126	0	0	0	0	UDP7211
1	15020	128	0	128	0	0	0	0	UDP7211
1	15021	130	0	0	0	130	0	0	UDP7211
1	15022	129	0	0	0	129	0	0	UDP7211
1	15023	125	0	0	125	0	0	0	UDP7211
1	15024	126	0	0	126	0	0	0	UDP7211
1	15025	126	0	126	0	0	0	0	UDP7211
1	15026	125	0	0	0	125	0	0	UDP7211
1	15027	124	1	123	0	0	0	0	UDP7211
1	15028	125	0	0	125	0	0	0	UDP7211
1	15029	125	0	0	0	125	0	0	UDP7211
1	15030	125	0	0	125	0	0	0	UDP7211
1	15031	122	0	0	122	0	0	0	UDP7211
1	15032	121	0	121	0	0	0	0	UDP7211
1	15033	121	0	0	1	120	0	0	UDP7211
1	15034	121	0	121	0	0	0	0	UDP7211
1	15035	120	0	0	0	120	0	0	UDP7211
1	15036	120	1	119	0	0	0	0	UDP7211
1	15037	118	117	1	0	0	0	0	UDP7211
1	15038	117	0	117	0	0	0	0	UDP7211
1	15039	117	0	0	0	117	0	0	UDP7211
1	15040	117	0	0	117	0	0	0	UDP7211
1	15041	116	0	116	0	0	0	0	UDP7211
1	15042	115	112	2	0	1	0	0	UDP7211
1	15043	116	115	1	0	0	0	0	UDP7211
1	15044	115	0	105	0	10	0	0	UDP7211
1	15045	117	0	0	117	0	0	0	UDP7211
1	15046	118	0	0	117	1	0	0	UDP7211
1	15047	114	0	0	114	0	0	0	UDP7211
1	15048	114	113	1	0	0	0	0	UDP7211
1	15049	113	111	1	1	0	0	0	UDP7211
1	15050	112	112	0	0	0	0	0	UDP7211
1	15051	112	0	0	112	0	0	0	UDP7211
1	15052	109	0	109	0	0	0	0	UDP7211
1	15053	107	0	106	0	1	0	0	UDP7211
1	15054	104	104	0	0	0	0	0	UDP7211
1	15055	103	0	103	0	0	0	0	UDP7211
1	15056	103	103	0	0	0	0	0	UDP7211
1	15057	99	0	0	99	0	0	0	UDP7211
1	15058	99	98	0	1	0	0	0	UDP7211
1	15059	99	0	99	0	0	0	0	UDP7211
1	15060	99	0	0	0	99	0	0	UDP7211
1	15061	97	0	0	97	0	0	0	UDP7211
1	15062	97	0	0	97	0	0	0	UDP7211
1	15063	94	0	0	93	1	0	0	UDP7211
1	15064	92	0	0	92	0	0	0	UDP7211
1	15065	91	0	0	0	91	0	0	UDP7211
1	15066	94	0	0	94	0	0	0	UDP7211
1	15067	95	95	0	0	0	0	0	UDP7211
1	15068	94	94	0	0	0	0	0	UDP7211
1	15069	92	0	0	92	0	0	0	UDP7211
1	15070	92	92	0	0	0	0	0	UDP7211
1	15071	92	0	0	92	0	0	0	UDP7211
1	15072	92	0	0	0	92	0	0	UDP7211
1	15073	95	0	0	0	95	0	0	UDP7211
1	15074	96	0	96	0	0	0	0	UDP7211
1	15075	95	95	0	0	0	0	0	UDP7211
1	15076	95	0	0	95	0	0	0	UDP7211
1	15077	94	0	0	0	94	0	0	UDP7211
1	15078	92	0	92	0	0	0	0	UDP7211
1	15079	94	93	0	0	1	0	0	UDP7211
1	15080	93	0	93	0	0	0	0	UDP7211
1	15081	94	93	0	1	0	0	0	UDP7211
1	15082	94	0	0	0	94	0	0	UDP7211
1	15083	92	0	0	92	0	0	0	UDP7211
1	15084	91	0	91	0	0	0	0	UDP7211
1	15085	91	0	0	91	0	0	0	UDP7211
1	15086	88	87	0	0	1	0	0	UDP7211
1	15087	88	0	88	0	0	0	0	UDP7211
1	15088	86	0	86	0	0	0	0	UDP7211
1	15089	86	0	0	86	0	0	0	UDP7211
1	15090	86	0	0	86	0	0	0	UDP7211
1	15091	85	0	0	0	85	0	0	UDP7211
1	15092	83	0	0	83	0	0	0	UDP7211
1	15093	83	79	1	3	0	0	0	UDP7211
1	15094	83	0	82	1	0	0	0	UDP7211
1	15095	83	0	0	2	81	0	0	UDP7211
1	15096	84	0	84	0	0	0	0	UDP7211
1	15097	84	0	83	1	0	0	0	UDP7211
1	15098	84	0	83	1	0	0	0	UDP7211
1	15099	85	0	0	1	84	0	0	UDP7211
1	15100	83	0	0	83	0	0	0	UDP7211
1	15101	83	0	0	0	83	0	0	UDP7211
1	15102	83	0	83	0	0	0	0	UDP7211
1	15103	83	0	82	0	1	0	0	UDP7211
1	15104	83	0	83	0	0	0	0	UDP7211
1	15105	83	0	83	0	0	0	0	UDP7211
1	15106	82	82	0	0	0	0	0	UDP7211
1	15107	81	0	81	0	0	0	0	UDP7211
1	15108	82	0	82	0	0	0	0	UDP7211
1	15109	82	0	82	0	0	0	0	UDP7211
1	15110	82	0	82	0	0	0	0	UDP7211
1	15111	82	0	82	0	0	0	0	UDP7211
1	15112	80	80	0	0	0	0	0	UDP7211
1	15113	81	0	0	0	81	0	0	UDP7211
1	15114	81	0	0	81	0	0	0	UDP7211
1	15115	81	80	0	0	1	0	0	UDP7211
1	15116	80	0	80	0	0	0	0	UDP7211
1	15117	81	67	0	14	0	0	0	UDP7211
1	15118	81	0	81	0	0	0	0	UDP7211
1	15119	81	0	0	1	80	0	0	UDP7211
1	15120	78	0	78	0	0	0	0	UDP7211
1	15121	75	0	75	0	0	0	0	UDP7211
1	15122	76	0	76	0	0	0	0	UDP7211
1	15123	77	0	77	0	0	0	0	UDP7211
1	15124	75	75	0	0	0	0	0	UDP7211
1	15125	75	0	0	75	0	0	0	UDP7211
1	15126	75	0	75	0	0	0	0	UDP7211
1	15127	76	0	76	0	0	0	0	UDP7211
1	15128	77	0	77	0	0	0	0	UDP7211
1	15129	78	1	0	0	77	0	0	UDP7211
1	15130	77	0	77	0	0	0	0	UDP7211
1	15131	78	0	78	0	0	0	0	UDP7211
1	15132	78	78	0	0	0	0	0	UDP7211
1	15133	80	80	0	0	0	0	0	UDP7211
1	15134	81	0	0	81	0	0	0	UDP7211
1	15135	81	0	0	81	0	0	0	UDP7211
1	15136	81	0	81	0	0	0	0	UDP7211
1	15137	81	0	81	0	0	0	0	UDP7211
1	15138	78	78	0	0	0	0	0	UDP7211
1	15139	76	0	76	0	0	0	0	UDP7211
1	15140	75	0	0	0	75	0	0	UDP7211
1	15141	74	0	0	74	0	0	0	UDP7211
1	15142	73	0	0	0	73	0	0	UDP7211
1	15143	73	0	0	73	0	0	0	UDP7211
1	15144	74	0	0	0	74	0	0	UDP7211
1	15145	75	0	0	0	75	0	0	UDP7211
1	15146	74	0	0	0	74	0	0	UDP7211
1	15147	73	0	73	0	0	0	0	UDP7211
1	15148	74	0	74	0	0	0	0	UDP7211
1	15149	74	0	74	0	0	0	0	UDP7211
1	15150	73	73	0	0	0	0	0	UDP7211
1	15151	72	0	0	72	0	0	0	UDP7211
1	15152	73	0	0	0	73	0	0	UDP7211
1	15153	71	0	0	0	71	0	0	UDP7211
1	15154	69	69	0	0	0	0	0	UDP7211
1	15155	68	0	0	68	0	0	0	UDP7211
1	15156	67	0	67	0	0	0	0	UDP7211
1	15157	66	0	0	0	66	0	0	UDP7211
1	15158	67	0	67	0	0	0	0	UDP7211
1	15159	67	67	0	0	0	0	0	UDP7211
1	15160	66	0	0	66	0	0	0	UDP7211
1	15161	65	65	0	0	0	0	0	UDP7211
1	15162	64	0	0	63	1	0	0	UDP7211
1	15163	64	1	63	0	0	0	0	UDP7211
1	15164	65	0	65	0	0	0	0	UDP7211
1	15165	65	0	0	0	65	0	0	UDP7211
1	15166	65	0	65	0	0	0	0	UDP7211
1	15167	62	61	0	0	1	0	0	UDP7211
1	15168	61	0	0	61	0	0	0	UDP7211
1	15169	60	0	0	0	60	0	0	UDP7211
1	15170	61	0	61	0	0	0	0	UDP7211
1	15171	59	0	0	59	0	0	0	UDP7211
1	15172	59	59	0	0	0	0	0	UDP7211
1	15173	59	0	0	0	59	0	0	UDP7211
1	15174	59	0	58	0	1	0	0	UDP7211
1	15175	59	0	58	1	0	0	0	UDP7211
1	15176	59	0	58	1	0	0	0	UDP7211
1	15177	58	0	0	0	58	0	0	UDP7211
1	15178	59	0	0	59	0	0	0	UDP7211
1	15179	59	58	1	0	0	0	0	UDP7211
1	15180	59	0	59	0	0	0	0	UDP7211
1	15181	59	0	59	0	0	0	0	UDP7211
1	15182	60	0	60	0	0	0	0	UDP7211
1	15183	60	60	0	0	0	0	0	UDP7211
1	15184	59	1	0	58	0	0	0	UDP7211
1	15185	59	0	59	0	0	0	0	UDP7211
1	15186	58	58	0	0	0	0	0	UDP7211
1	15187	58	0	58	0	0	0	0	UDP7211
1	15188	58	0	58	0	0	0	0	UDP7211
1	15189	58	8	0	50	0	0	0	UDP7211
1	15190	61	0	0	61	0	0	0	UDP7211
1	15191	64	0	0	64	0	0	0	UDP7211
1	15192	61	0	61	0	0	0	0	UDP7211
1	15193	60	60	0	0	0	0	0	UDP7211
1	15194	59	0	59	0	0	0	0	UDP7211
1	15195	60	0	0	0	60	0	0	UDP7211
1	15196	59	0	0	59	0	0	0	UDP7211
1	15197	59	58	0	1	0	0	0	UDP7211
1	15198	59	0	0	0	59	0	0	UDP7211
1	15199	55	0	0	55	0	0	0	UDP7211
1	15200	55	55	0	0	0	0	0	UDP7211
1	15201	53	1	0	52	0	0	0	UDP7211
1	15202	53	53	0	0	0	0	0	UDP7211
1	15203	53	0	53	0	0	0	0	UDP7211
1	15204	53	53	0	0	0	0	0	UDP7211
1	15205	51	0	0	51	0	0	0	UDP7211
1	15206	50	1	48	0	1	0	0	UDP7211
1	15207	48	0	0	48	0	0	0	UDP7211
1	15208	48	0	0	48	0	0	0	UDP7211
1	15209	47	0	47	0	0	0	0	UDP7211
1	15210	47	0	0	31	16	0	0	UDP7211
1	15211	46	0	0	46	0	0	0	UDP7211
1	15212	47	0	0	1	46	0	0	UDP7211
1	15213	48	0	0	0	48	0	0	UDP7211
1	15214	48	0	1	0	47	0	0	UDP7211
1	15215	48	0	0	48	0	0	0	UDP7211
1	15216	49	49	0	0	0	0	0	UDP7211
1	15217	49	0	0	49	0	0	0	UDP7211
1	15218	49	0	0	49	0	0	0	UDP7211
1	15219	48	48	0	0	0	0	0	UDP7211
1	15220	50	0	0	50	0	0	0	UDP7211
1	15221	50	0	50	0	0	0	0	UDP7211
1	15222	50	0	50	0	0	0	0	UDP7211
1	15223	50	50	0	0	0	0	0	UDP7211
1	15224	50	0	50	0	0	0	0	UDP7211
1	15225	48	0	48	0	0	0	0	UDP7211
1	15226	49	0	0	1	48	0	0	UDP7211
1	15227	48	0	48	0	0	0	0	UDP7211
1	15228	48	0	48	0	0	0	0	UDP7211
1	15229	48	0	48	0	0	0	0	UDP7211
1	15230	49	48	1	0	0	0	0	UDP7211
1	15231	50	0	0	50	0	0	0	UDP7211
1	15232	50	0	50	0	0	0	0	UDP7211
1	15233	50	0	49	1	0	0	0	UDP7211
1	15234	50	49	0	0	1	0	0	UDP7211
1	15235	50	0	50	0	0	0	0	UDP7211
1	15236	50	0	50	0	0	0	0	UDP7211
1	15237	50	0	0	0	50	0	0	UDP7211
1	15238	51	0	51	0	0	0	0	UDP7211
1	15239	50	0	0	50	0	0	0	UDP7211
1	15240	51	0	0	51	0	0	0	UDP7211
1	15241	51	0	0	51	0	0	0	UDP7211
1	15242	52	0	0	52	0	0	0	UDP7211
1	15243	51	0	50	0	1	0	0	UDP7211
1	15244	51	1	49	0	1	0	0	UDP7211
1	15245	51	50	0	1	0	0	0	UDP7211
1	15246	51	1	0	50	0	0	0	UDP7211
1	15247	51	0	0	51	0	0	0	UDP7211
1	15248	50	0	0	50	0	0	0	UDP7211
1	15249	49	0	48	0	1	0	0	UDP7211
1	15250	49	0	49	0	0	0	0	UDP7211
1	15251	48	48	0	0	0	0	0	UDP7211
1	15252	49	0	0	49	0	0	0	UDP7211
1	15253	47	0	0	46	1	0	0	UDP7211
1	15254	47	0	0	47	0	0	0	UDP7211
1	15255	47	0	0	0	47	0	0	UDP7211
1	15256	47	0	0	47	0	0	0	UDP7211
1	15257	46	0	0	0	46	0	0	UDP7211
1	15258	46	0	0	46	0	0	0	UDP7211
1	15259	44	0	44	0	0	0	0	UDP7211
1	15260	42	42	0	0	0	0	0	UDP7211
1	15261	41	0	0	41	0	0	0	UDP7211
1	15262	40	0	40	0	0	0	0	UDP7211
1	15263	40	40	0	0	0	0	0	UDP7211
1	15264	40	0	39	0	1	0	0	UDP7211
1	15265	40	0	40	0	0	0	0	UDP7211
1	15266	40	40	0	0	0	0	0	UDP7211
1	15267	40	0	39	1	0	0	0	UDP7211
1	15268	40	0	0	0	40	0	0	UDP7211
1	15269	40	0	0	40	0	0	0	UDP7211
1	15270	39	0	0	0	39	0	0	UDP7211
1	15271	38	38	0	0	0	0	0	UDP7211
1	15272	38	0	38	0	0	0	0	UDP7211
1	15273	37	0	0	23	14	0	0	UDP7211
1	15274	37	37	0	0	0	0	0	UDP7211
1	15275	37	0	0	0	37	0	0	UDP7211
1	15276	37	0	0	37	0	0	0	UDP7211
1	15277	36	0	0	36	0	0	0	UDP7211
1	15278	36	0	0	36	0	0	0	UDP7211
1	15279	36	0	0	36	0	0	0	UDP7211
1	15280	36	36	0	0	0	0	0	UDP7211
1	15281	36	36	0	0	0	0	0	UDP7211
1	15282	36	36	0	0	0	0	0	UDP7211
1	15283	37	0	37	0	0	0	0	UDP7211
1	15284	36	0	0	0	36	0	0	UDP7211
1	15285	36	0	0	36	0	0	0	UDP7211
1	15286	36	0	0	36	0	0	0	UDP7211
1	15287	36	0	36	0	0	0	0	UDP7211
1	15288	37	0	37	0	0	0	0	UDP7211
1	15289	37	0	37	0	0	0	0	UDP7211
1	15290	36	36	0	0	0	0	0	UDP7211
1	15291	36	0	0	36	0	0	0	UDP7211
1	15292	37	36	0	1	0	0	0	UDP7211
1	15293	37	0	0	37	0	0	0	UDP7211
1	15294	36	36	0	0	0	0	0	UDP7211
1	15295	35	0	0	35	0	0	0	UDP7211
1	15296	34	0	0	34	0	0	0	UDP7211
1	15297	34	0	0	0	34	0	0	UDP7211
1	15298	34	0	0	34	0	0	0	UDP7211
1	15299	34	34	0	0	0	0	0	UDP7211
1	15300	34	0	0	34	0	0	0	UDP7211
1	15301	34	0	0	34	0	0	0	UDP7211
1	15302	34	0	34	0	0	0	0	UDP7211
1	15303	34	34	0	0	0	0	0	UDP7211
1	15304	33	0	0	33	0	0	0	UDP7211
1	15305	33	0	33	0	0	0	0	UDP7211
1	15306	33	0	0	0	33	0	0	UDP7211
1	15307	33	0	0	0	33	0	0	UDP7211
1	15308	32	0	0	32	0	0	0	UDP7211
1	15309	32	0	32	0	0	0	0	UDP7211
1	15310	32	0	32	0	0	0	0	UDP7211
1	15311	31	0	0	0	31	0	0	UDP7211
1	15312	29	0	0	29	0	0	0	UDP7211
1	15313	31	0	0	31	0	0	0	UDP7211
1	15314	31	0	0	31	0	0	0	UDP7211
1	15315	32	0	0	32	0	0	0	UDP7211
1	15316	32	0	0	0	32	0	0	UDP7211
1	15317	29	0	29	0	0	0	0	UDP7211
1	15318	29	29	0	0	0	0	0	UDP7211
1	15319	30	0	30	0	0	0	0	UDP7211
1	15320	33	33	0	0	0	0	0	UDP7211
1	15321	33	0	0	33	0	0	0	UDP7211
1	15322	34	34	0	0	0	0	0	UDP7211
1	15323	34	0	0	34	0	0	0	UDP7211
1	15324	34	0	34	0	0	0	0	UDP7211
1	15325	34	34	0	0	0	0	0	UDP7211
1	15326	33	33	0	0	0	0	0	UDP7211
1	15327	33	0	0	32	1	0	0	UDP7211
1	15328	35	0	0	35	0	0	0	UDP7211
1	15329	35	0	35	0	0	0	0	UDP7211
1	15330	34	34	0	0	0	0	0	UDP7211
1	15331	35	35	0	0	0	0	0	UDP7211
1	15332	35	35	0	0	0	0	0	UDP7211
1	15333	36	35	0	0	1	0	0	UDP7211
1	15334	38	0	0	38	0	0	0	UDP7211
1	15335	38	0	38	0	0	0	0	UDP7211
1	15336	38	38	0	0	0	0	0	UDP7211
1	15337	38	0	0	38	0	0	0	UDP7211
1	15338	37	0	37	0	0	0	0	UDP7211
1	15339	36	0	0	36	0	0	0	UDP7211
1	15340	36	0	36	0	0	0	0	UDP7211
1	15341	36	0	0	0	36	0	0	UDP7211
1	15342	34	0	0	34	0	0	0	UDP7211
1	15343	34	0	0	34	0	0	0	UDP7211
1	15344	34	1	0	33	0	0	0	UDP7211
1	15345	34	0	0	0	34	0	0	UDP7211
1	15346	32	32	0	0	0	0	0	UDP7211
1	15347	32	0	32	0	0	0	0	UDP7211
1	15348	33	33	0	0	0	0	0	UDP7211
1	15349	33	33	0	0	0	0	0	UDP7211
1	15350	35	0	0	35	0	0	0	UDP7211
1	15351	35	0	35	0	0	0	0	UDP7211
1	15352	34	0	0	0	34	0	0	UDP7211
1	15353	34	0	34	0	0	0	0	UDP7211
1	15354	34	34	0	0	0	0	0	UDP7211
1	15355	34	34	0	0	0	0	0	UDP7211
1	15356	33	33	0	0	0	0	0	UDP7211
1	15357	33	33	0	0	0	0	0	UDP7211
1	15358	34	0	34	0	0	0	0	UDP7211
1	15359	32	0	32	0	0	0	0	UDP7211
1	15360	31	31	0	0	0	0	0	UDP7211
1	15361	31	0	0	0	31	0	0	UDP7211
1	15362	31	30	0	1	0	0	0	UDP7211
1	15363	33	0	0	33	0	0	0	UDP7211
1	15364	33	0	0	1	32	0	0	UDP7211
1	15365	36	0	0	36	0	0	0	UDP7211
1	15366	37	0	37	0	0	0	0	UDP7211
1	15367	37	0	37	0	0	0	0	UDP7211
1	15368	37	0	37	0	0	0	0	UDP7211
1	15369	37	37	0	0	0	0	0	UDP7211
1	15370	38	0	0	38	0	0	0	UDP7211
1	15371	38	0	0	38	0	0	0	UDP7211
1	15372	39	0	0	39	0	0	0	UDP7211
1	15373	39	0	39	0	0	0	0	UDP7211
1	15374	39	39	0	0	0	0	0	UDP7211
1	15375	39	0	39	0	0	0	0	UDP7211
1	15376	40	1	0	0	39	0	0	UDP7211
1	15377	40	0	0	40	0	0	0	UDP7211
1	15378	39	0	39	0	0	0	0	UDP7211
1	15379	39	0	39	0	0	0	0	UDP7211
1	15380	39	0	0	39	0	0	0	UDP7211
1	15381	40	0	40	0	0	0	0	UDP7211
1	15382	40	0	0	0	40	0	0	UDP7211
1	15383	40	0	0	40	0	0	0	UDP7211
1	15384	40	0	40	0	0	0	0	UDP7211
1	15385	40	40	0	0	0	0	0	UDP7211
1	15386	40	0	0	40	0	0	0	UDP7211
1	15387	41	0	0	41	0	0	0	UDP7211
1	15388	42	0	39	0	3	0	0	UDP7211
1	15389	42	0	0	42	0	0	0	UDP7211
1	15390	42	0	42	0	0	0	0	UDP7211
1	15391	42	42	0	0	0	0	0	UDP7211
1	15392	43	0	0	43	0	0	0	UDP7211
1	15393	43	0	0	42	1	0	0	UDP7211
1	15394	43	0	43	0	0	0	0	UDP7211
1	15395	43	43	0	0	0	0	0	UDP7211
1	15396	43	0	0	0	43	0	0	UDP7211
1	15397	43	0	43	0	0	0	0	UDP7211
1	15398	43	0	0	42	1	0	0	UDP7211
1	15399	42	0	42	0	0	0	0	UDP7211
1	15400	42	42	0	0	0	0	0	UDP7211
1	15401	43	0	0	0	43	0	0	UDP7211
1	15402	43	0	43	0	0	0	0	UDP7211
1	15403	44	44	0	0	0	0	0	UDP7211
1	15404	43	0	43	0	0	0	0	UDP7211
1	15405	43	43	0	0	0	0	0	UDP7211
1	15406	43	0	43	0	0	0	0	UDP7211
1	15407	43	0	43	0	0	0	0	UDP7211
1	15408	43	43	0	0	0	0	0	UDP7211
1	15409	42	0	0	42	0	0	0	UDP7211
1	15410	42	0	0	0	42	0	0	UDP7211
1	15411	42	0	0	42	0	0	0	UDP7211
1	15412	42	1	0	0	41	0	0	UDP7211
1	15413	44	0	44	0	0	0	0	UDP7211
1	15414	44	0	0	0	44	0	0	UDP7211
1	15415	45	0	0	45	0	0	0	UDP7211
1	15416	44	0	44	0	0	0	0	UDP7211
1	15417	44	0	0	44	0	0	0	UDP7211
1	15418	43	0	0	0	43	0	0	UDP7211
1	15419	43	0	0	0	43	0	0	UDP7211
1	15420	43	0	43	0	0	0	0	UDP7211
1	15421	43	43	0	0	0	0	0	UDP7211
1	15422	43	0	43	0	0	0	0	UDP7211
1	15423	43	43	0	0	0	0	0	UDP7211
1	15424	43	0	0	43	0	0	0	UDP7211
1	15425	43	0	43	0	0	0	0	UDP7211
1	15426	43	43	0	0	0	0	0	UDP7211
1	15427	43	0	0	43	0	0	0	UDP7211
1	15428	44	0	0	44	0	0	0	UDP7211
1	15429	44	0	44	0	0	0	0	UDP7211
1	15430	44	44	0	0	0	0	0	UDP7211
1	15431	44	0	0	0	44	0	0	UDP7211
1	15432	44	0	44	0	0	0	0	UDP7211
1	15433	45	45	0	0	0	0	0	UDP7211
1	15434	45	0	0	0	45	0	0	UDP7211
1	15435	45	0	45	0	0	0	0	UDP7211
1	15436	45	45	0	0	0	0	0	UDP7211
1	15437	44	0	0	44	0	0	0	UDP7211
1	15438	44	0	0	0	44	0	0	UDP7211
1	15439	43	43	0	0	0	0	0	UDP7211
1	15440	43	0	0	43	0	0	0	UDP7211
1	15441	43	0	43	0	0	0	0	UDP7211
1	15442	45	0	45	0	0	0	0	UDP7211
1	15443	45	0	0	0	45	0	0	UDP7211
1	15444	45	0	45	0	0	0	0	UDP7211
1	15445	44	0	44	0	0	0	0	UDP7211
1	15446	42	42	0	0	0	0	0	UDP7211
1	15447	42	0	0	42	0	0	0	UDP7211
1	15448	41	41	0	0	0	0	0	UDP7211
1	15449	42	0	0	42	0	0	0	UDP7211
1	15450	42	0	0	42	0	0	0	UDP7211
1	15451	42	0	42	0	0	0	0	UDP7211
1	15452	42	0	42	0	0	0	0	UDP7211
1	15453	42	0	0	0	42	0	0	UDP7211
1	15454	40	0	40	0	0	0	0	UDP7211
1	15455	40	40	0	0	0	0	0	UDP7211
1	15456	38	0	0	38	0	0	0	UDP7211
1	15457	37	0	0	37	0	0	0	UDP7211
1	15458	37	0	0	0	37	0	0	UDP7211
1	15459	37	0	37	0	0	0	0	UDP7211
1	15460	37	0	37	0	0	0	0	UDP7211
1	15461	39	39	0	0	0	0	0	UDP7211
1	15462	39	0	0	39	0	0	0	UDP7211
1	15463	40	0	0	0	40	0	0	UDP7211
1	15464	40	0	40	0	0	0	0	UDP7211
1	15465	40	0	0	1	39	0	0	UDP7211
1	15466	40	0	40	0	0	0	0	UDP7211
1	15467	41	0	0	0	41	0	0	UDP7211
1	15468	42	42	0	0	0	0	0	UDP7211
1	15469	43	43	0	0	0	0	0	UDP7211
1	15470	43	42	1	0	0	0	0	UDP7211
1	15471	44	44	0	0	0	0	0	UDP7211
1	15472	44	44	0	0	0	0	0	UDP7211
1	15473	44	0	0	0	44	0	0	UDP7211
1	15474	43	43	0	0	0	0	0	UDP7211
1	15475	43	0	0	0	43	0	0	UDP7211
1	15476	41	0	41	0	0	0	0	UDP7211
1	15477	41	1	0	0	40	0	0	UDP7211
1	15478	41	0	41	0	0	0	0	UDP7211
1	15479	41	41	0	0	0	0	0	UDP7211
1	15480	41	0	0	41	0	0	0	UDP7211
1	15481	41	0	0	41	0	0	0	UDP7211
1	15482	41	41	0	0	0	0	0	UDP7211
1	15483	42	0	0	42	0	0	0	UDP7211
1	15484	41	0	0	41	0	0	0	UDP7211
1	15485	41	0	41	0	0	0	0	UDP7211
1	15486	41	0	0	1	40	0	0	UDP7211
1	15487	40	0	0	40	0	0	0	UDP7211
1	15488	41	0	41	0	0	0	0	UDP7211
1	15489	39	39	0	0	0	0	0	UDP7211
1	15490	39	0	0	39	0	0	0	UDP7211
1	15491	36	0	0	0	36	0	0	UDP7211
1	15492	35	0	0	35	0	0	0	UDP7211
1	15493	36	0	0	36	0	0	0	UDP7211
1	15494	35	0	35	0	0	0	0	UDP7211
1	15495	35	0	0	0	35	0	0	UDP7211
1	15496	34	0	0	34	0	0	0	UDP7211
1	15497	34	34	0	0	0	0	0	UDP7211
1	15498	33	0	33	0	0	0	0	UDP7211
1	15499	33	0	33	0	0	0	0	UDP7211
1	15500	33	33	0	0	0	0	0	UDP7211
1	15501	33	0	0	0	33	0	0	UDP7211
1	15502	33	0	0	0	33	0	0	UDP7211
1	15503	33	0	0	33	0	0	0	UDP7211
1	15504	33	0	33	0	0	0	0	UDP7211
1	15505	35	0	35	0	0	0	0	UDP7211
1	15506	34	0	0	0	34	0	0	UDP7211
1	15507	34	0	0	0	34	0	0	UDP7211
1	15508	34	0	0	34	0	0	0	UDP7211
1	15509	34	0	0	34	0	0	0	UDP7211
1	15510	34	34	0	0	0	0	0	UDP7211
1	15511	35	0	35	0	0	0	0	UDP7211
1	15512	36	0	36	0	0	0	0	UDP7211
1	15513	35	0	0	35	0	0	0	UDP7211
1	15514	34	0	34	0	0	0	0	UDP7211
1	15515	35	0	0	0	35	0	0	UDP7211
1	15516	35	0	35	0	0	0	0	UDP7211
1	15517	35	0	0	0	35	0	0	UDP7211
1	15518	34	0	0	0	34	0	0	UDP7211
1	15519	36	0	0	36	0	0	0	UDP7211
1	15520	36	0	0	36	0	0	0	UDP7211
1	15521	39	0	39	0	0	0	0	UDP7211
1	15522	40	39	1	0	0	0	0	UDP7211
1	15523	41	0	0	41	0	0	0	UDP7211
1	15524	42	0	0	0	42	0	0	UDP7211
1	15525	43	0	43	0	0	0	0	UDP7211
1	15526	43	5	0	38	0	0	0	UDP7211
1	15527	43	43	0	0	0	0	0	UDP7211
1	15528	44	44	0	0	0	0	0	UDP7211
1	15529	44	0	0	44	0	0	0	UDP7211
1	15530	44	44	0	0	0	0	0	UDP7211
1	15531	44	44	0	0	0	0	0	UDP7211
1	15532	44	0	0	44	0	0	0	UDP7211
1	15533	44	44	0	0	0	0	0	UDP7211
1	15534	46	0	0	0	46	0	0	UDP7211
1	15535	46	0	0	0	46	0	0	UDP7211
1	15536	47	0	47	0	0	0	0	UDP7211
1	15537	47	0	0	0	47	0	0	UDP7211
1	15538	47	0	47	0	0	0	0	UDP7211
1	15539	45	0	45	0	0	0	0	UDP7211
1	15540	45	0	0	0	45	0	0	UDP7211
1	15541	45	0	0	44	1	0	0	UDP7211
1	15542	45	0	0	0	45	0	0	UDP7211
1	15543	45	0	45	0	0	0	0	UDP7211
1	15544	46	46	0	0	0	0	0	UDP7211
1	15545	46	0	1	45	0	0	0	UDP7211
1	15546	46	0	0	0	46	0	0	UDP7211
1	15547	47	0	0	0	47	0	0	UDP7211
1	15548	47	0	0	0	47	0	0	UDP7211
1	15549	47	0	0	47	0	0	0	UDP7211
1	15550	47	47	0	0	0	0	0	UDP7211
1	15551	47	0	0	47	0	0	0	UDP7211
1	15552	47	0	47	0	0	0	0	UDP7211
1	15553	50	0	1	0	49	0	0	UDP7211
1	15554	50	0	0	50	0	0	0	UDP7211
1	15555	50	0	0	50	0	0	0	UDP7211
1	15556	50	0	0	50	0	0	0	UDP7211
1	15557	50	0	0	0	50	0	0	UDP7211
1	15558	51	0	0	51	0	0	0	UDP7211
1	15559	51	50	1	0	0	0	0	UDP7211
1	15560	51	0	0	51	0	0	0	UDP7211
1	15561	52	0	52	0	0	0	0	UDP7211
1	15562	52	0	0	0	52	0	0	UDP7211
1	15563	53	0	0	0	53	0	0	UDP7211
1	15564	52	52	0	0	0	0	0	UDP7211
1	15565	53	0	0	52	1	0	0	UDP7211
1	15566	54	54	0	0	0	0	0	UDP7211
1	15567	56	0	0	56	0	0	0	UDP7211
1	15568	53	53	0	0	0	0	0	UDP7211
1	15569	54	0	0	54	0	0	0	UDP7211
1	15570	54	0	0	54	0	0	0	UDP7211
1	15571	54	54	0	0	0	0	0	UDP7211
1	15572	55	55	0	0	0	0	0	UDP7211
1	15573	55	55	0	0	0	0	0	UDP7211
1	15574	56	0	0	56	0	0	0	UDP7211
1	15575	58	0	58	0	0	0	0	UDP7211
1	15576	58	0	0	0	58	0	0	UDP7211
1	15577	58	0	58	0	0	0	0	UDP7211
1	15578	58	0	58	0	0	0	0	UDP7211
1	15579	58	58	0	0	0	0	0	UDP7211
1	15580	58	0	58	0	0	0	0	UDP7211
1	15581	58	0	0	0	58	0	0	UDP7211
1	15582	58	58	0	0	0	0	0	UDP7211
1	15583	58	0	0	0	58	0	0	UDP7211
1	15584	58	0	0	58	0	0	0	UDP7211
1	15585	57	0	0	57	0	0	0	UDP7211
1	15586	57	0	57	0	0	0	0	UDP7211
1	15587	55	0	0	0	55	0	0	UDP7211
1	15588	55	0	55	0	0	0	0	UDP7211
1	15589	57	0	57	0	0	0	0	UDP7211
1	15590	57	0	57	0	0	0	0	UDP7211
1	15591	57	57	0	0	0	0	0	UDP7211
1	15592	57	57	0	0	0	0	0	UDP7211
1	15593	56	56	0	0	0	0	0	UDP7211
1	15594	57	0	57	0	0	0	0	UDP7211
1	15595	56	0	56	0	0	0	0	UDP7211
1	15596	56	56	0	0	0	0	0	UDP7211
1	15597	56	0	0	56	0	0	0	UDP7211
1	15598	57	0	0	57	0	0	0	UDP7211
1	15599	57	56	0	1	0	0	0	UDP7211
1	15600	57	56	1	0	0	0	0	UDP7211
1	15601	58	0	0	58	0	0	0	UDP7211
1	15602	58	0	0	58	0	0	0	UDP7211
1	15603	58	58	0	0	0	0	0	UDP7211
1	15604	59	1	0	58	0	0	0	UDP7211
1	15605	59	0	58	1	0	0	0	UDP7211
1	15606	60	0	60	0	0	0	0	UDP7211
1	15607	60	60	0	0	0	0	0	UDP7211
1	15608	61	0	0	0	61	0	0	UDP7211
1	15609	61	61	0	0	0	0	0	UDP7211
1	15610	61	0	0	61	0	0	0	UDP7211
1	15611	61	0	61	0	0	0	0	UDP7211
1	15612	62	1	61	0	0	0	0	UDP7211
1	15613	63	0	63	0	0	0	0	UDP7211
1	15614	62	62	0	0	0	0	0	UDP7211
1	15615	62	0	0	62	0	0	0	UDP7211
1	15616	63	0	0	63	0	0	0	UDP7211
1	15617	64	0	63	0	1	0	0	UDP7211
1	15618	64	62	1	1	0	0	0	UDP7211
1	15619	64	0	0	64	0	0	0	UDP7211
1	15620	65	0	0	65	0	0	0	UDP7211
1	15621	65	64	0	1	0	0	0	UDP7211
1	15622	65	0	0	65	0	0	0	UDP7211
1	15623	65	0	0	65	0	0	0	UDP7211
1	15624	66	0	0	66	0	0	0	UDP7211
1	15625	66	0	65	1	0	0	0	UDP7211
1	15626	66	0	0	0	66	0	0	UDP7211
1	15627	67	0	1	66	0	0	0	UDP7211
1	15628	66	65	0	0	1	0	0	UDP7211
1	15629	66	0	0	66	0	0	0	UDP7211
1	15630	69	0	0	69	0	0	0	UDP7211
1	15631	67	66	0	1	0	0	0	UDP7211
1	15632	68	0	67	1	0	0	0	UDP7211
1	15633	69	0	69	0	0	0	0	UDP7211
1	15634	70	1	0	0	69	0	0	UDP7211
1	15635	70	0	69	1	0	0	0	UDP7211
1	15636	72	1	0	0	71	0	0	UDP7211
1	15637	71	0	0	71	0	0	0	UDP7211
1	15638	70	0	2	68	0	0	0	UDP7211
1	15639	71	0	0	0	71	0	0	UDP7211
1	15640	73	0	0	73	0	0	0	UDP7211
1	15641	72	0	0	72	0	0	0	UDP7211
1	15642	72	0	72	0	0	0	0	UDP7211
1	15643	73	0	0	73	0	0	0	UDP7211
1	15644	75	0	0	75	0	0	0	UDP7211
1	15645	73	0	73	0	0	0	0	UDP7211
1	15646	73	0	69	3	1	0	0	UDP7211
1	15647	70	0	70	0	0	0	0	UDP7211
1	15648	69	69	0	0	0	0	0	UDP7211
1	15649	68	0	0	68	0	0	0	UDP7211
1	15650	67	0	0	67	0	0	0	UDP7211
1	15651	66	0	0	65	1	0	0	UDP7211
1	15652	66	0	66	0	0	0	0	UDP7211
1	15653	69	0	0	0	69	0	0	UDP7211
1	15654	68	0	0	0	68	0	0	UDP7211
1	15655	67	0	67	0	0	0	0	UDP7211
1	15656	68	1	67	0	0	0	0	UDP7211
1	15657	69	68	1	0	0	0	0	UDP7211
1	15658	69	0	0	69	0	0	0	UDP7211
1	15659	71	0	71	0	0	0	0	UDP7211
1	15660	70	69	0	1	0	0	0	UDP7211
1	15661	70	0	0	0	70	0	0	UDP7211
1	15662	69	0	0	69	0	0	0	UDP7211
1	15663	69	0	0	1	68	0	0	UDP7211
1	15664	69	0	0	69	0	0	0	UDP7211
1	15665	71	0	71	0	0	0	0	UDP7211
1	15666	72	0	71	1	0	0	0	UDP7211
1	15667	72	0	72	0	0	0	0	UDP7211
1	15668	73	0	0	0	73	0	0	UDP7211
1	15669	75	75	0	0	0	0	0	UDP7211
1	15670	74	0	0	74	0	0	0	UDP7211
1	15671	74	0	0	74	0	0	0	UDP7211
1	15672	76	0	0	76	0	0	0	UDP7211
1	15673	75	0	0	75	0	0	0	UDP7211
1	15674	75	74	0	1	0	0	0	UDP7211
1	15675	75	74	1	0	0	0	0	UDP7211
1	15676	75	0	0	74	1	0	0	UDP7211
1	15677	75	0	75	0	0	0	0	UDP7211
1	15678	75	75	0	0	0	0	0	UDP7211
1	15679	72	0	0	72	0	0	0	UDP7211
1	15680	71	0	0	71	0	0	0	UDP7211
1	15681	71	0	0	71	0	0	0	UDP7211
1	15682	71	0	0	71	0	0	0	UDP7211
1	15683	71	1	70	0	0	0	0	UDP7211
1	15684	72	0	72	0	0	0	0	UDP7211
1	15685	71	71	0	0	0	0	0	UDP7211
1	15686	71	0	0	71	0	0	0	UDP7211
1	15687	71	0	65	0	6	0	0	UDP7211
1	15688	74	0	0	0	74	0	0	UDP7211
1	15689	74	0	0	74	0	0	0	UDP7211
1	15690	75	0	0	75	0	0	0	UDP7211
1	15691	75	0	75	0	0	0	0	UDP7211
1	15692	74	74	0	0	0	0	0	UDP7211
1	15693	72	72	0	0	0	0	0	UDP7211
1	15694	72	0	0	72	0	0	0	UDP7211
1	15695	71	69	0	0	2	0	0	UDP7211
1	15696	72	0	0	70	2	0	0	UDP7211
1	15697	73	0	73	0	0	0	0	UDP7211
1	15698	71	71	0	0	0	0	0	UDP7211
1	15699	71	0	0	71	0	0	0	UDP7211
1	15700	71	0	1	70	0	0	0	UDP7211
1	15701	68	0	0	68	0	0	0	UDP7211
1	15702	69	0	0	69	0	0	0	UDP7211
1	15703	69	0	0	68	1	0	0	UDP7211
1	15704	69	0	0	0	69	0	0	UDP7211
1	15705	72	0	0	72	0	0	0	UDP7211
1	15706	73	0	1	72	0	0	0	UDP7211
1	15707	73	0	0	73	0	0	0	UDP7211
1	15708	76	1	75	0	0	0	0	UDP7211
1	15709	78	78	0	0	0	0	0	UDP7211
1	15710	78	1	0	77	0	0	0	UDP7211
1	15711	78	78	0	0	0	0	0	UDP7211
1	15712	79	79	0	0	0	0	0	UDP7211
1	15713	79	79	0	0	0	0	0	UDP7211
1	15714	80	0	0	80	0	0	0	UDP7211
1	15715	80	0	80	0	0	0	0	UDP7211
1	15716	81	80	0	1	0	0	0	UDP7211
1	15717	86	0	85	0	1	0	0	UDP7211
1	15718	87	1	86	0	0	0	0	UDP7211
1	15719	87	0	87	0	0	0	0	UDP7211
1	15720	87	2	0	85	0	0	0	UDP7211
1	15721	87	0	0	87	0	0	0	UDP7211
1	15722	88	0	0	0	88	0	0	UDP7211
1	15723	87	0	0	87	0	0	0	UDP7211
1	15724	86	1	0	85	0	0	0	UDP7211
1	15725	86	86	0	0	0	0	0	UDP7211
1	15726	87	1	86	0	0	0	0	UDP7211
1	15727	86	0	0	0	86	0	0	UDP7211
1	15728	87	0	87	0	0	0	0	UDP7211
1	15729	87	87	0	0	0	0	0	UDP7211
1	15730	86	0	0	86	0	0	0	UDP7211
1	15731	88	0	0	88	0	0	0	UDP7211
1	15732	88	0	0	88	0	0	0	UDP7211
1	15733	88	0	88	0	0	0	0	UDP7211
1	15734	87	0	0	0	87	0	0	UDP7211
1	15735	86	0	0	86	0	0	0	UDP7211
1	15736	86	1	0	85	0	0	0	UDP7211
1	15737	87	86	1	0	0	0	0	UDP7211
1	15738	88	0	0	88	0	0	0	UDP7211
1	15739	89	0	0	89	0	0	0	UDP7211
1	15740	91	1	0	90	0	0	0	UDP7211
1	15741	91	0	0	91	0	0	0	UDP7211
1	15742	92	90	2	0	0	0	0	UDP7211
1	15743	93	0	0	93	0	0	0	UDP7211
1	15744	92	0	0	92	0	0	0	UDP7211
1	15745	94	94	0	0	0	0	0	UDP7211
1	15746	93	0	0	93	0	0	0	UDP7211
1	15747	94	0	0	94	0	0	0	UDP7211
1	15748	94	0	94	0	0	0	0	UDP7211
1	15749	94	0	0	94	0	0	0	UDP7211
1	15750	95	95	0	0	0	0	0	UDP7211
1	15751	95	0	0	2	93	0	0	UDP7211
1	15752	100	0	99	1	0	0	0	UDP7211
1	15753	101	0	0	0	101	0	0	UDP7211
1	15754	101	0	0	0	101	0	0	UDP7211
1	15755	101	0	0	101	0	0	0	UDP7211
1	15756	98	1	97	0	0	0	0	UDP7211
1	15757	99	0	99	0	0	0	0	UDP7211
1	15758	99	0	98	1	0	0	0	UDP7211
1	15759	98	97	0	0	1	0	0	UDP7211
1	15760	97	97	0	0	0	0	0	UDP7211
1	15761	98	0	0	98	0	0	0	UDP7211
1	15762	96	1	0	95	0	0	0	UDP7211
1	15763	98	0	98	0	0	0	0	UDP7211
1	15764	98	1	97	0	0	0	0	UDP7211
1	15765	97	0	97	0	0	0	0	UDP7211
1	15766	95	0	1	1	93	0	0	UDP7211
1	15767	95	0	95	0	0	0	0	UDP7211
1	15768	95	0	95	0	0	0	0	UDP7211
1	15769	95	1	0	94	0	0	0	UDP7211
1	15770	94	94	0	0	0	0	0	UDP7211
1	15771	97	0	97	0	0	0	0	UDP7211
1	15772	97	0	0	0	97	0	0	UDP7211
1	15773	99	0	0	99	0	0	0	UDP7211
1	15774	99	0	99	0	0	0	0	UDP7211
1	15775	100	100	0	0	0	0	0	UDP7211
1	15776	100	99	0	1	0	0	0	UDP7211
1	15777	100	0	0	100	0	0	0	UDP7211
1	15778	99	0	99	0	0	0	0	UDP7211
1	15779	97	1	0	1	95	0	0	UDP7211
1	15780	97	0	97	0	0	0	0	UDP7211
1	15781	97	0	97	0	0	0	0	UDP7211
1	15782	97	97	0	0	0	0	0	UDP7211
1	15783	96	0	0	96	0	0	0	UDP7211
1	15784	98	1	0	95	2	0	0	UDP7211
1	15785	96	1	0	95	0	0	0	UDP7211
1	15786	95	0	95	0	0	0	0	UDP7211
1	15787	95	0	95	0	0	0	0	UDP7211
1	15788	95	0	95	0	0	0	0	UDP7211
1	15789	95	0	0	95	0	0	0	UDP7211
1	15790	95	0	95	0	0	0	0	UDP7211
1	15791	92	0	0	0	92	0	0	UDP7211
1	15792	91	0	91	0	0	0	0	UDP7211
1	15793	90	89	1	0	0	0	0	UDP7211
1	15794	91	0	91	0	0	0	0	UDP7211
1	15795	89	0	89	0	0	0	0	UDP7211
1	15796	89	0	0	0	89	0	0	UDP7211
1	15797	89	0	1	0	88	0	0	UDP7211
1	15798	88	0	0	88	0	0	0	UDP7211
1	15799	88	0	88	0	0	0	0	UDP7211
1	15800	88	0	0	0	88	0	0	UDP7211
1	15801	89	0	89	0	0	0	0	UDP7211
1	15802	89	0	89	0	0	0	0	UDP7211
1	15803	89	0	0	0	89	0	0	UDP7211
1	15804	89	1	0	87	1	0	0	UDP7211
1	15805	89	0	89	0	0	0	0	UDP7211
1	15806	89	0	0	0	89	0	0	UDP7211
1	15807	89	1	88	0	0	0	0	UDP7211
1	15808	91	0	90	1	0	0	0	UDP7211
1	15809	92	0	0	0	92	0	0	UDP7211
1	15810	90	1	0	0	89	0	0	UDP7211
1	15811	90	0	90	0	0	0	0	UDP7211
1	15812	90	0	1	0	89	0	0	UDP7211
1	15813	89	0	0	89	0	0	0	UDP7211
1	15814	87	0	87	0	0	0	0	UDP7211
1	15815	86	0	0	0	86	0	0	UDP7211
1	15816	86	0	0	63	23	0	0	UDP7211
1	15817	84	0	84	0	0	0	0	UDP7211
1	15818	85	0	0	0	85	0	0	UDP7211
1	15819	85	0	0	0	85	0	0	UDP7211
1	15820	85	1	84	0	0	0	0	UDP7211
1	15821	86	0	0	0	86	0	0	UDP7211
1	15822	86	0	0	2	84	0	0	UDP7211
1	15823	85	0	85	0	0	0	0	UDP7211
1	15824	85	0	0	0	85	0	0	UDP7211
1	15825	85	0	85	0	0	0	0	UDP7211
1	15826	84	0	84	0	0	0	0	UDP7211
1	15827	85	85	0	0	0	0	0	UDP7211
1	15828	84	0	0	84	0	0	0	UDP7211
1	15829	84	0	84	0	0	0	0	UDP7211
1	15830	84	0	1	0	83	0	0	UDP7211
1	15831	81	0	0	0	81	0	0	UDP7211
1	15832	80	0	0	0	80	0	0	UDP7211
1	15833	81	0	81	0	0	0	0	UDP7211
1	15834	79	0	0	79	0	0	0	UDP7211
1	15835	80	0	80	0	0	0	0	UDP7211
1	15836	81	0	0	0	81	0	0	UDP7211
1	15837	81	0	81	0	0	0	0	UDP7211
1	15838	81	0	81	0	0	0	0	UDP7211
1	15839	81	0	0	0	81	0	0	UDP7211
1	15840	81	0	0	0	81	0	0	UDP7211
1	15841	81	0	80	1	0	0	0	UDP7211
1	15842	79	79	0	0	0	0	0	UDP7211
1	15843	74	0	0	0	74	0	0	UDP7211
1	15844	73	0	1	72	0	0	0	UDP7211
1	15845	73	0	73	0	0	0	0	UDP7211
1	15846	73	0	0	0	73	0	0	UDP7211
1	15847	73	0	0	73	0	0	0	UDP7211
1	15848	72	0	72	0	0	0	0	UDP7211
1	15849	72	0	0	71	1	0	0	UDP7211
1	15850	72	0	72	0	0	0	0	UDP7211
1	15851	72	71	1	0	0	0	0	UDP7211
1	15852	71	0	0	71	0	0	0	UDP7211
1	15853	71	0	71	0	0	0	0	UDP7211
1	15854	71	0	0	0	71	0	0	UDP7211
1	15855	71	0	0	0	71	0	0	UDP7211
1	15856	73	0	0	73	0	0	0	UDP7211
1	15857	71	0	0	71	0	0	0	UDP7211
1	15858	70	0	69	0	0	0	0	UDP7211
1	15859	70	0	70	0	0	0	0	UDP7211
1	15860	70	0	1	0	69	0	0	UDP7211
1	15861	70	0	0	0	70	0	0	UDP7211
1	15862	70	1	0	69	0	0	0	UDP7211
1	15863	71	0	71	0	0	0	0	UDP7211
1	15864	71	0	71	0	0	0	0	UDP7211
1	15865	69	0	0	69	0	0	0	UDP7211
1	15866	67	67	0	0	0	0	0	UDP7211
1	15867	67	0	0	0	67	0	0	UDP7211
1	15868	64	0	0	64	0	0	0	UDP7211
1	15869	64	2	62	0	0	0	0	UDP7211
1	15870	65	0	65	0	0	0	0	UDP7211
1	15871	63	0	63	0	0	0	0	UDP7211
1	15872	63	0	63	0	0	0	0	UDP7211
1	15873	63	0	63	0	0	0	0	UDP7211
1	15874	64	64	0	0	0	0	0	UDP7211
1	15875	64	1	0	63	0	0	0	UDP7211
1	15876	63	0	63	0	0	0	0	UDP7211
1	15877	63	0	0	0	63	0	0	UDP7211
1	15878	59	0	0	0	59	0	0	UDP7211
1	15879	58	0	0	58	0	0	0	UDP7211
1	15880	59	0	0	59	0	0	0	UDP7211
1	15881	60	0	60	0	0	0	0	UDP7211
1	15882	60	0	0	60	0	0	0	UDP7211
1	15883	59	0	0	59	0	0	0	UDP7211
1	15884	58	58	0	0	0	0	0	UDP7211
1	15885	58	0	0	0	58	0	0	UDP7211
1	15886	59	0	0	59	0	0	0	UDP7211
1	15887	58	0	1	57	0	0	0	UDP7211
1	15888	58	58	0	0	0	0	0	UDP7211
1	15889	55	0	55	0	0	0	0	UDP7211
1	15890	55	0	0	0	55	0	0	UDP7211
1	15891	55	0	55	0	0	0	0	UDP7211
1	15892	55	0	0	0	55	0	0	UDP7211
1	15893	55	55	0	0	0	0	0	UDP7211
1	15894	56	0	0	56	0	0	0	UDP7211
1	15895	55	0	55	0	0	0	0	UDP7211
1	15896	56	56	0	0	0	0	0	UDP7211
1	15897	55	0	0	55	0	0	0	UDP7211
1	15898	55	55	0	0	0	0	0	UDP7211
1	15899	52	0	0	52	0	0	0	UDP7211
1	15900	53	0	0	0	53	0	0	UDP7211
1	15901	52	0	0	52	0	0	0	UDP7211
1	15902	52	0	0	52	0	0	0	UDP7211
1	15903	53	0	53	0	0	0	0	UDP7211
1	15904	55	0	55	0	0	0	0	UDP7211
1	15905	55	55	0	0	0	0	0	UDP7211
1	15906	55	0	0	55	0	0	0	UDP7211
1	15907	55	0	55	0	0	0	0	UDP7211
1	15908	55	0	55	0	0	0	0	UDP7211
1	15909	55	55	0	0	0	0	0	UDP7211
1	15910	53	0	53	0	0	0	0	UDP7211
1	15911	53	0	53	0	0	0	0	UDP7211
1	15912	53	0	0	53	0	0	0	UDP7211
1	15913	53	0	0	53	0	0	0	UDP7211
1	15914	53	53	0	0	0	0	0	UDP7211
1	15915	53	0	0	53	0	0	0	UDP7211
1	15916	53	0	0	53	0	0	0	UDP7211
1	15917	54	0	0	54	0	0	0	UDP7211
1	15918	53	0	0	53	0	0	0	UDP7211
1	15919	53	0	0	0	53	0	0	UDP7211
1	15920	53	0	53	0	0	0	0	UDP7211
1	15921	54	54	0	0	0	0	0	UDP7211
1	15922	54	54	0	0	0	0	0	UDP7211
1	15923	54	0	54	0	0	0	0	UDP7211
1	15924	54	0	54	0	0	0	0	UDP7211
1	15925	54	54	0	0	0	0	0	UDP7211
1	15926	54	0	54	0	0	0	0	UDP7211
1	15927	53	0	0	0	53	0	0	UDP7211
1	15928	54	0	0	0	54	0	0	UDP7211
1	15929	54	0	54	0	0	0	0	UDP7211
1	15930	54	0	54	0	0	0	0	UDP7211
1	15931	55	0	55	0	0	0	0	UDP7211
1	15932	57	0	0	0	57	0	0	UDP7211
1	15933	57	0	0	56	0	0	0	UDP7211
1	15934	55	0	0	55	0	0	0	UDP7211
1	15935	55	0	0	55	0	0	0	UDP7211
1	15936	56	56	0	0	0	0	0	UDP7211
1	15937	58	0	0	58	0	0	0	UDP7211
1	15938	58	0	58	0	0	0	0	UDP7211
1	15939	58	0	0	1	57	0	0	UDP7211
1	15940	59	0	58	0	1	0	0	UDP7211
1	15941	59	0	59	0	0	0	0	UDP7211
1	15942	59	0	59	0	0	0	0	UDP7211
1	15943	60	0	0	0	60	0	0	UDP7211
1	15944	60	0	0	60	0	0	0	UDP7211
1	15945	60	0	0	60	0	0	0	UDP7211
1	15946	60	60	0	0	0	0	0	UDP7211
1	15947	59	0	59	0	0	0	0	UDP7211
1	15948	59	0	0	0	59	0	0	UDP7211
1	15949	61	0	0	61	0	0	0	UDP7211
1	15950	61	0	0	61	0	0	0	UDP7211
1	15951	61	61	0	0	0	0	0	UDP7211
1	15952	63	0	0	63	0	0	0	UDP7211
1	15953	63	0	63	0	0	0	0	UDP7211
1	15954	63	0	63	0	0	0	0	UDP7211
1	15955	63	2	0	61	0	0	0	UDP7211
1	15956	65	0	0	65	0	0	0	UDP7211
1	15957	65	0	0	65	0	0	0	UDP7211
1	15958	64	64	0	0	0	0	0	UDP7211
1	15959	64	0	0	64	0	0	0	UDP7211
1	15960	63	0	0	63	0	0	0	UDP7211
1	15961	63	0	0	1	62	0	0	UDP7211
1	15962	62	0	0	62	0	0	0	UDP7211
1	15963	62	0	0	62	0	0	0	UDP7211
1	15964	62	0	0	62	0	0	0	UDP7211
1	15965	62	0	0	61	1	0	0	UDP7211
1	15966	62	62	0	0	0	0	0	UDP7211
1	15967	59	59	0	0	0	0	0	UDP7211
1	15968	59	0	59	0	0	0	0	UDP7211
1	15969	59	59	0	0	0	0	0	UDP7211
1	15970	59	0	0	59	0	0	0	UDP7211
1	15971	59	0	0	59	0	0	0	UDP7211
1	15972	59	0	0	59	0	0	0	UDP7211
1	15973	59	0	58	0	1	0	0	UDP7211
1	15974	59	59	0	0	0	0	0	UDP7211
1	15975	59	59	0	0	0	0	0	UDP7211
1	15976	59	0	0	59	0	0	0	UDP7211
1	15977	61	0	0	61	0	0	0	UDP7211
1	15978	61	61	0	0	0	0	0	UDP7211
1	15979	62	0	0	62	0	0	0	UDP7211
1	15980	62	0	0	62	0	0	0	UDP7211
1	15981	62	62	0	0	0	0	0	UDP7211
1	15982	60	60	0	0	0	0	0	UDP7211
1	15983	60	60	0	0	0	0	0	UDP7211
1	15984	60	0	0	60	0	0	0	UDP7211
1	15985	60	0	0	60	0	0	0	UDP7211
1	15986	60	0	60	0	0	0	0	UDP7211
1	15987	59	0	0	0	59	0	0	UDP7211
1	15988	58	0	0	58	0	0	0	UDP7211
1	15989	57	0	57	0	0	0	0	UDP7211
1	15990	56	0	0	0	56	0	0	UDP7211
1	15991	57	0	57	0	0	0	0	UDP7211
1	15992	57	57	0	0	0	0	0	UDP7211
1	15993	57	0	0	57	0	0	0	UDP7211
1	15994	57	0	0	57	0	0	0	UDP7211
1	15995	57	1	56	0	0	0	0	UDP7211
1	15996	56	56	0	0	0	0	0	UDP7211
1	15997	57	0	0	57	0	0	0	UDP7211
1	15998	56	0	0	56	0	0	0	UDP7211
1	15999	56	0	0	56	0	0	0	UDP7211
1	16000	56	0	56	0	0	0	0	UDP7211
1	16001	55	0	0	0	55	0	0	UDP7211
1	16002	55	0	0	55	0	0	0	UDP7211
1	16003	56	0	0	56	0	0	0	UDP7211
1	16004	55	0	0	55	0	0	0	UDP7211
1	16005	54	0	0	54	0	0	0	UDP7211
1	16006	55	55	0	0	0	0	0	UDP7211
1	16007	54	54	0	0	0	0	0	UDP7211
1	16008	54	0	0	53	1	0	0	UDP7211
1	16009	54	0	54	0	0	0	0	UDP7211
1	16010	53	0	1	0	52	0	0	UDP7211
1	16011	53	0	1	0	52	0	0	UDP7211
1	16012	53	53	0	0	0	0	0	UDP7211
1	16013	53	0	50	0	3	0	0	UDP7211
1	16014	53	0	0	0	53	0	0	UDP7211
1	16015	54	0	0	54	0	0	0	UDP7211
1	16016	55	0	0	0	55	0	0	UDP7211
1	16017	56	0	0	56	0	0	0	UDP7211
1	16018	57	0	0	0	57	0	0	UDP7211
1	16019	57	0	57	0	0	0	0	UDP7211
1	16020	56	0	56	0	0	0	0	UDP7211
1	16021	54	54	0	0	0	0	0	UDP7211
1	16022	54	54	0	0	0	0	0	UDP7211
1	16023	53	0	0	53	0	0	0	UDP7211
1	16024	53	52	0	0	1	0	0	UDP7211
1	16025	53	0	0	53	0	0	0	UDP7211
1	16026	52	0	52	0	0	0	0	UDP7211
1	16027	52	0	52	0	0	0	0	UDP7211
1	16028	53	0	0	0	53	0	0	UDP7211
1	16029	50	0	0	50	0	0	0	UDP7211
1	16030	48	0	48	0	0	0	0	UDP7211
1	16031	48	0	0	0	48	0	0	UDP7211
1	16032	48	0	0	48	0	0	0	UDP7211
1	16033	48	1	0	47	0	0	0	UDP7211
1	16034	48	0	0	48	0	0	0	UDP7211
1	16035	48	48	0	0	0	0	0	UDP7211
1	16036	48	0	0	48	0	0	0	UDP7211
1	16037	48	0	0	48	0	0	0	UDP7211
1	16038	48	0	0	48	0	0	0	UDP7211
1	16039	49	49	0	0	0	0	0	UDP7211
1	16040	49	48	0	1	0	0	0	UDP7211
1	16041	52	0	0	52	0	0	0	UDP7211
1	16042	53	0	1	1	51	0	0	UDP7211
1	16043	52	0	52	0	0	0	0	UDP7211
1	16044	52	51	0	0	1	0	0	UDP7211
1	16045	52	0	52	0	0	0	0	UDP7211
1	16046	51	0	51	0	0	0	0	UDP7211
1	16047	50	0	0	0	50	0	0	UDP7211
1	16048	50	0	50	0	0	0	0	UDP7211
1	16049	49	0	49	0	0	0	0	UDP7211
1	16050	49	0	49	0	0	0	0	UDP7211
1	16051	49	0	49	0	0	0	0	UDP7211
1	16052	49	1	0	0	48	0	0	UDP7211
1	16053	49	1	48	0	0	0	0	UDP7211
1	16054	48	48	0	0	0	0	0	UDP7211
1	16055	48	48	0	0	0	0	0	UDP7211
1	16056	48	48	0	0	0	0	0	UDP7211
1	16057	47	0	47	0	0	0	0	UDP7211
1	16058	45	0	0	45	0	0	0	UDP7211
1	16059	45	45	0	0	0	0	0	UDP7211
1	16060	45	0	0	45	0	0	0	UDP7211
1	16061	45	0	0	45	0	0	0	UDP7211
1	16062	44	44	0	0	0	0	0	UDP7211
1	16063	41	0	0	41	0	0	0	UDP7211
1	16064	42	0	42	0	0	0	0	UDP7211
1	16065	42	0	42	0	0	0	0	UDP7211
1	16066	41	0	41	0	0	0	0	UDP7211
1	16067	40	0	10	0	30	0	0	UDP7211
1	16068	40	0	0	40	0	0	0	UDP7211
1	16069	38	0	38	0	0	0	0	UDP7211
1	16070	39	0	0	39	0	0	0	UDP7211
1	16071	40	0	40	0	0	0	0	UDP7211
1	16072	42	0	0	0	42	0	0	UDP7211
1	16073	42	0	0	42	0	0	0	UDP7211
1	16074	43	2	2	39	0	0	0	UDP7211
1	16075	41	0	0	41	0	0	0	UDP7211
1	16076	41	0	0	41	0	0	0	UDP7211
1	16077	41	41	0	0	0	0	0	UDP7211
1	16078	39	0	0	39	0	0	0	UDP7211
1	16079	38	0	0	38	0	0	0	UDP7211
1	16080	38	0	38	0	0	0	0	UDP7211
1	16081	38	0	38	0	0	0	0	UDP7211
1	16082	37	0	0	37	0	0	0	UDP7211
1	16083	37	0	0	37	0	0	0	UDP7211
1	16084	37	37	0	0	0	0	0	UDP7211
1	16085	38	0	38	0	0	0	0	UDP7211
1	16086	36	0	36	0	0	0	0	UDP7211
1	16087	36	0	0	0	36	0	0	UDP7211
1	16088	35	0	0	0	35	0	0	UDP7211
1	16089	36	0	0	0	36	0	0	UDP7211
1	16090	36	0	0	36	0	0	0	UDP7211
1	16091	36	0	0	36	0	0	0	UDP7211
1	16092	36	36	0	0	0	0	0	UDP7211
1	16093	37	0	0	37	0	0	0	UDP7211
1	16094	37	37	0	0	0	0	0	UDP7211
1	16095	37	0	37	0	0	0	0	UDP7211
1	16096	38	0	0	0	38	0	0	UDP7211
1	16097	38	0	0	38	0	0	0	UDP7211
1	16098	39	0	0	0	39	0	0	UDP7211
1	16099	39	0	0	39	0	0	0	UDP7211
1	16100	39	0	0	0	39	0	0	UDP7211
1	16101	39	0	0	39	0	0	0	UDP7211
1	16102	37	1	0	11	25	0	0	UDP7211
1	16103	36	0	0	36	0	0	0	UDP7211
1	16104	36	0	0	36	0	0	0	UDP7211
1	16105	35	0	0	35	0	0	0	UDP7211
1	16106	35	0	0	35	0	0	0	UDP7211
1	16107	35	0	0	35	0	0	0	UDP7211
1	16108	35	0	35	0	0	0	0	UDP7211
1	16109	35	0	35	0	0	0	0	UDP7211
1	16110	35	0	0	0	35	0	0	UDP7211
1	16111	35	0	0	35	0	0	0	UDP7211
1	16112	35	0	0	35	0	0	0	UDP7211
1	16113	35	0	0	35	0	0	0	UDP7211
1	16114	35	0	35	0	0	0	0	UDP7211
1	16115	35	35	0	0	0	0	0	UDP7211
1	16116	36	0	35	0	1	0	0	UDP7211
1	16117	36	0	0	0	36	0	0	UDP7211
1	16118	36	0	0	36	0	0	0	UDP7211
1	16119	37	37	0	0	0	0	0	UDP7211
1	16120	37	0	37	0	0	0	0	UDP7211
1	16121	36	0	0	0	36	0	0	UDP7211
1	16122	37	0	0	0	37	0	0	UDP7211
1	16123	37	0	37	0	0	0	0	UDP7211
1	16124	38	0	0	0	38	0	0	UDP7211
1	16125	37	0	0	37	0	0	0	UDP7211
1	16126	37	0	37	0	0	0	0	UDP7211
1	16127	37	37	0	0	0	0	0	UDP7211
1	16128	37	37	0	0	0	0	0	UDP7211
1	16129	37	0	37	0	0	0	0	UDP7211
1	16130	37	0	37	0	0	0	0	UDP7211
1	16131	37	37	0	0	0	0	0	UDP7211
1	16132	35	0	35	0	0	0	0	UDP7211
1	16133	35	0	35	0	0	0	0	UDP7211
1	16134	36	0	0	0	36	0	0	UDP7211
1	16135	36	0	0	36	0	0	0	UDP7211
1	16136	37	37	0	0	0	0	0	UDP7211
1	16137	37	0	0	37	0	0	0	UDP7211
1	16138	36	0	35	0	1	0	0	UDP7211
1	16139	36	0	0	36	0	0	0	UDP7211
1	16140	36	0	36	0	0	0	0	UDP7211
1	16141	35	0	1	34	0	0	0	UDP7211
1	16142	35	0	0	35	0	0	0	UDP7211
1	16143	35	0	0	35	0	0	0	UDP7211
1	16144	34	0	34	0	0	0	0	UDP7211
1	16145	34	34	0	0	0	0	0	UDP7211
1	16146	34	1	0	0	33	0	0	UDP7211
1	16147	34	0	34	0	0	0	0	UDP7211
1	16148	35	0	35	0	0	0	0	UDP7211
1	16149	35	0	0	0	35	0	0	UDP7211
1	16150	36	0	0	36	0	0	0	UDP7211
1	16151	36	0	0	0	36	0	0	UDP7211
1	16152	36	1	0	34	1	0	0	UDP7211
1	16153	36	0	0	0	36	0	0	UDP7211
1	16154	35	0	0	34	1	0	0	UDP7211
1	16155	35	0	35	0	0	0	0	UDP7211
1	16156	35	34	0	1	0	0	0	UDP7211
1	16157	35	0	1	34	0	0	0	UDP7211
1	16158	36	36	0	0	0	0	0	UDP7211
1	16159	36	0	0	0	36	0	0	UDP7211
1	16160	36	36	0	0	0	0	0	UDP7211
1	16161	36	0	36	0	0	0	0	UDP7211
1	16162	36	0	0	0	36	0	0	UDP7211
1	16163	38	0	38	0	0	0	0	UDP7211
1	16164	38	0	38	0	0	0	0	UDP7211
1	16165	38	0	38	0	0	0	0	UDP7211
1	16166	38	0	0	0	38	0	0	UDP7211
1	16167	37	0	0	37	0	0	0	UDP7211
1	16168	36	0	36	0	0	0	0	UDP7211
1	16169	37	0	0	0	37	0	0	UDP7211
1	16170	37	0	0	0	37	0	0	UDP7211
1	16171	37	0	37	0	0	0	0	UDP7211
1	16172	37	1	36	0	0	0	0	UDP7211
1	16173	37	0	1	0	36	0	0	UDP7211
1	16174	37	0	37	0	0	0	0	UDP7211
1	16175	37	0	0	0	37	0	0	UDP7211
1	16176	37	0	37	0	0	0	0	UDP7211
1	16177	40	0	0	0	40	0	0	UDP7211
1	16178	40	40	0	0	0	0	0	UDP7211
1	16179	40	1	0	39	0	0	0	UDP7211
1	16180	41	0	40	1	0	0	0	UDP7211
1	16181	41	0	41	0	0	0	0	UDP7211
1	16182	42	0	42	0	0	0	0	UDP7211
1	16183	42	0	42	0	0	0	0	UDP7211
1	16184	44	0	44	0	0	0	0	UDP7211
1	16185	43	43	0	0	0	0	0	UDP7211
1	16186	45	0	45	0	0	0	0	UDP7211
1	16187	45	0	45	0	0	0	0	UDP7211
1	16188	45	1	44	0	0	0	0	UDP7211
1	16189	46	0	0	0	46	0	0	UDP7211
1	16190	46	0	0	46	0	0	0	UDP7211
1	16191	46	0	46	0	0	0	0	UDP7211
1	16192	46	46	0	0	0	0	0	UDP7211
1	16193	46	0	0	46	0	0	0	UDP7211
1	16194	46	45	0	1	0	0	0	UDP7211
1	16195	46	1	0	44	1	0	0	UDP7211
1	16196	45	0	45	0	0	0	0	UDP7211
1	16197	44	0	0	0	44	0	0	UDP7211
1	16198	42	0	0	42	0	0	0	UDP7211
1	16199	42	0	0	41	1	0	0	UDP7211
1	16200	40	40	0	0	0	0	0	UDP7211
1	16201	41	0	41	0	0	0	0	UDP7211
1	16202	42	0	42	0	0	0	0	UDP7211
1	16203	42	0	42	0	0	0	0	UDP7211
1	16204	42	0	42	0	0	0	0	UDP7211
1	16205	42	4	0	0	38	0	0	UDP7211
1	16206	42	0	0	42	0	0	0	UDP7211
1	16207	42	41	0	1	0	0	0	UDP7211
1	16208	41	0	0	41	0	0	0	UDP7211
1	16209	42	0	42	0	0	0	0	UDP7211
1	16210	43	0	0	0	43	0	0	UDP7211
1	16211	42	42	0	0	0	0	0	UDP7211
1	16212	41	0	0	41	0	0	0	UDP7211
1	16213	41	1	40	0	0	0	0	UDP7211
1	16214	41	0	41	0	0	0	0	UDP7211
1	16215	40	40	0	0	0	0	0	UDP7211
1	16216	40	0	0	0	40	0	0	UDP7211
1	16217	40	0	0	40	0	0	0	UDP7211
1	16218	39	0	39	0	0	0	0	UDP7211
1	16219	38	0	2	0	36	0	0	UDP7211
1	16220	38	0	38	0	0	0	0	UDP7211
1	16221	38	0	0	0	38	0	0	UDP7211
1	16222	37	0	0	36	1	0	0	UDP7211
1	16223	39	39	0	0	0	0	0	UDP7211
1	16224	39	0	39	0	0	0	0	UDP7211
1	16225	39	38	1	0	0	0	0	UDP7211
1	16226	39	0	0	39	0	0	0	UDP7211
1	16227	39	0	0	0	39	0	0	UDP7211
1	16228	39	0	39	0	0	0	0	UDP7211
1	16229	39	0	1	1	37	0	0	UDP7211
1	16230	39	0	39	0	0	0	0	UDP7211
1	16231	39	39	0	0	0	0	0	UDP7211
1	16232	39	0	0	39	0	0	0	UDP7211
1	16233	39	1	0	0	38	0	0	UDP7211
1	16234	40	0	1	0	39	0	0	UDP7211
1	16235	40	0	0	40	0	0	0	UDP7211
1	16236	41	0	41	0	0	0	0	UDP7211
1	16237	42	42	0	0	0	0	0	UDP7211
1	16238	42	0	42	0	0	0	0	UDP7211
1	16239	42	42	0	0	0	0	0	UDP7211
1	16240	42	0	42	0	0	0	0	UDP7211
1	16241	43	43	0	0	0	0	0	UDP7211
1	16242	42	0	42	0	0	0	0	UDP7211
1	16243	41	0	0	41	0	0	0	UDP7211
1	16244	41	41	0	0	0	0	0	UDP7211
1	16245	39	0	0	39	0	0	0	UDP7211
1	16246	40	0	40	0	0	0	0	UDP7211
1	16247	40	0	40	0	0	0	0	UDP7211
1	16248	39	39	0	0	0	0	0	UDP7211
1	16249	37	0	0	37	0	0	0	UDP7211
1	16250	37	0	37	0	0	0	0	UDP7211
1	16251	37	37	0	0	0	0	0	UDP7211
1	16252	37	0	0	37	0	0	0	UDP7211
1	16253	37	37	0	0	0	0	0	UDP7211
1	16254	37	0	0	37	0	0	0	UDP7211
1	16255	36	0	0	36	0	0	0	UDP7211
1	16256	36	0	0	36	0	0	0	UDP7211
1	16257	36	0	0	36	0	0	0	UDP7211
1	16258	36	0	0	0	36	0	0	UDP7211
1	16259	36	0	0	0	36	0	0	UDP7211
1	16260	35	0	0	0	35	0	0	UDP7211
1	16261	35	0	0	0	35	0	0	UDP7211
1	16262	34	0	0	34	0	0	0	UDP7211
1	16263	35	0	0	1	34	0	0	UDP7211
1	16264	36	0	0	36	0	0	0	UDP7211
1	16265	36	0	36	0	0	0	0	UDP7211
1	16266	36	0	36	0	0	0	0	UDP7211
1	16267	35	35	0	0	0	0	0	UDP7211
1	16268	36	0	36	0	0	0	0	UDP7211
1	16269	35	0	0	0	35	0	0	UDP7211
1	16270	35	0	0	0	35	0	0	UDP7211
1	16271	35	0	35	0	0	0	0	UDP7211
1	16272	35	0	0	0	35	0	0	UDP7211
1	16273	35	0	0	35	0	0	0	UDP7211
1	16274	35	0	0	35	0	0	0	UDP7211
1	16275	35	35	0	0	0	0	0	UDP7211
1	16276	34	0	0	0	34	0	0	UDP7211
1	16277	34	0	0	34	0	0	0	UDP7211
1	16278	34	0	34	0	0	0	0	UDP7211
1	16279	34	0	0	0	34	0	0	UDP7211
1	16280	34	33	0	0	1	0	0	UDP7211
1	16281	34	0	0	34	0	0	0	UDP7211
1	16282	34	0	0	33	1	0	0	UDP7211
1	16283	34	0	0	34	0	0	0	UDP7211
1	16284	33	0	0	0	33	0	0	UDP7211
1	16285	33	0	0	1	32	0	0	UDP7211
1	16286	33	32	0	1	0	0	0	UDP7211
1	16287	34	0	31	3	0	0	0	UDP7211
1	16288	35	35	0	0	0	0	0	UDP7211
1	16289	33	0	33	0	0	0	0	UDP7211
1	16290	34	0	0	0	34	0	0	UDP7211
1	16291	33	0	0	33	0	0	0	UDP7211
1	16292	33	0	0	33	0	0	0	UDP7211
1	16293	31	0	0	31	0	0	0	UDP7211
1	16294	31	31	0	0	0	0	0	UDP7211
1	16295	30	0	0	30	0	0	0	UDP7211
1	16296	30	30	0	0	0	0	0	UDP7211
1	16297	30	0	19	0	11	0	0	UDP7211
1	16298	30	30	0	0	0	0	0	UDP7211
1	16299	31	0	31	0	0	0	0	UDP7211
1	16300	31	31	0	0	0	0	0	UDP7211
1	16301	31	0	0	31	0	0	0	UDP7211
1	16302	32	0	32	0	0	0	0	UDP7211
1	16303	29	29	0	0	0	0	0	UDP7211
1	16304	29	0	0	29	0	0	0	UDP7211
1	16305	30	0	0	0	30	0	0	UDP7211
1	16306	31	0	0	31	0	0	0	UDP7211
1	16307	31	31	0	0	0	0	0	UDP7211
1	16308	32	32	0	0	0	0	0	UDP7211
1	16309	32	0	0	32	0	0	0	UDP7211
1	16310	31	0	31	0	0	0	0	UDP7211
1	16311	32	0	0	0	32	0	0	UDP7211
1	16312	31	1	0	29	1	0	0	UDP7211
1	16313	33	33	0	0	0	0	0	UDP7211
1	16314	34	34	0	0	0	0	0	UDP7211
1	16315	33	33	0	0	0	0	0	UDP7211
1	16316	33	0	0	0	33	0	0	UDP7211
1	16317	33	0	0	33	0	0	0	UDP7211
1	16318	36	36	0	0	0	0	0	UDP7211
1	16319	37	37	0	0	0	0	0	UDP7211
1	16320	41	41	0	0	0	0	0	UDP7211
1	16321	42	42	0	0	0	0	0	UDP7211
1	16322	42	42	0	0	0	0	0	UDP7211
1	16323	42	0	0	0	42	0	0	UDP7211
1	16324	43	0	0	43	0	0	0	UDP7211
1	16325	43	0	0	0	43	0	0	UDP7211
1	16326	44	0	0	44	0	0	0	UDP7211
1	16327	43	0	0	0	43	0	0	UDP7211
1	16328	42	1	0	0	41	0	0	UDP7211
1	16329	45	0	0	45	0	0	0	UDP7211
1	16330	46	0	46	0	0	0	0	UDP7211
1	16331	47	0	0	0	47	0	0	UDP7211
1	16332	48	0	0	48	0	0	0	UDP7211
1	16333	49	0	0	0	49	0	0	UDP7211
1	16334	50	50	0	0	0	0	0	UDP7211
1	16335	53	0	0	52	1	0	0	UDP7211
1	16336	54	0	0	0	54	0	0	UDP7211
1	16337	55	0	0	0	55	0	0	UDP7211
1	16338	55	0	0	0	55	0	0	UDP7211
1	16339	56	0	0	56	0	0	0	UDP7211
1	16340	59	0	0	0	59	0	0	UDP7211
1	16341	60	0	0	0	60	0	0	UDP7211
1	16342	62	62	0	0	0	0	0	UDP7211
1	16343	63	0	0	1	62	0	0	UDP7211
1	16344	65	0	0	0	65	0	0	UDP7211
1	16345	66	66	0	0	0	0	0	UDP7211
1	16346	66	0	0	66	0	0	0	UDP7211
1	16347	66	66	0	0	0	0	0	UDP7211
1	16348	66	0	65	0	1	0	0	UDP7211
1	16349	64	0	63	1	0	0	0	UDP7211
1	16350	63	0	63	0	0	0	0	UDP7211
1	16351	63	1	61	1	0	0	0	UDP7211
1	16352	64	0	0	0	64	0	0	UDP7211
1	16353	64	0	0	1	63	0	0	UDP7211
1	16354	65	0	65	0	0	0	0	UDP7211
1	16355	66	0	0	0	66	0	0	UDP7211
1	16356	67	0	0	0	67	0	0	UDP7211
1	16357	68	0	0	0	68	0	0	UDP7211
1	16358	69	0	69	0	0	0	0	UDP7211
1	16359	69	0	69	0	0	0	0	UDP7211
1	16360	70	70	0	0	0	0	0	UDP7211
1	16361	71	0	0	0	70	0	0	UDP7211
1	16362	73	0	0	0	73	0	0	UDP7211
1	16363	73	0	0	73	0	0	0	UDP7211
1	16364	76	0	0	76	0	0	0	UDP7211
1	16365	78	0	0	0	78	0	0	UDP7211
1	16366	78	0	0	0	78	0	0	UDP7211
1	16367	77	0	0	0	77	0	0	UDP7211
1	16368	77	77	0	0	0	0	0	UDP7211
1	16369	77	76	1	0	0	0	0	UDP7211
1	16370	78	0	0	0	78	0	0	UDP7211
1	16371	79	0	0	0	79	0	0	UDP7211
1	16372	81	80	0	0	1	0	0	UDP7211
1	16373	84	0	0	84	0	0	0	UDP7211
1	16374	85	0	0	85	0	0	0	UDP7211
1	16375	86	86	0	0	0	0	0	UDP7211
1	16376	86	85	0	1	0	0	0	UDP7211
1	16377	86	0	57	0	29	0	0	UDP7211
1	16378	91	0	0	91	0	0	0	UDP7211
1	16379	91	0	0	91	0	0	0	UDP7211
1	16380	92	0	0	92	0	0	0	UDP7211
1	16381	92	0	1	91	0	0	0	UDP7211
1	16382	92	92	0	0	0	0	0	UDP7211
1	16383	92	92	0	0	0	0	0	UDP7211
1	16384	92	0	92	0	0	0	0	UDP7211
1	16385	93	0	93	0	0	0	0	UDP7211
1	16386	96	0	96	0	0	0	0	UDP7211
1	16387	96	95	0	0	1	0	0	UDP7211
1	16388	96	0	0	96	0	0	0	UDP7211
1	16389	95	95	0	0	0	0	0	UDP7211
1	16390	94	0	0	94	0	0	0	UDP7211
1	16391	95	0	95	0	0	0	0	UDP7211
1	16392	95	0	95	0	0	0	0	UDP7211
1	16393	95	0	0	0	95	0	0	UDP7211
1	16394	94	0	94	0	0	0	0	UDP7211
1	16395	94	94	0	0	0	0	0	UDP7211
1	16396	94	0	94	0	0	0	0	UDP7211
1	16397	94	0	0	0	94	0	0	UDP7211
1	16398	95	0	1	0	94	0	0	UDP7211
1	16399	95	0	1	94	0	0	0	UDP7211
1	16400	98	0	0	0	98	0	0	UDP7211
1	16401	98	0	0	0	98	0	0	UDP7211
1	16402	98	0	98	0	0	0	0	UDP7211
1	16403	101	100	0	0	1	0	0	UDP7211
1	16404	101	0	0	101	0	0	0	UDP7211
1	16405	101	0	0	101	0	0	0	UDP7211
1	16406	101	0	101	0	0	0	0	UDP7211
1	16407	102	0	0	0	102	0	0	UDP7211
1	16408	103	0	103	0	0	0	0	UDP7211
1	16409	103	0	103	0	0	0	0	UDP7211
1	16410	103	0	102	1	0	0	0	UDP7211
1	16411	102	0	0	0	102	0	0	UDP7211
1	16412	102	0	102	0	0	0	0	UDP7211
1	16413	101	0	0	0	101	0	0	UDP7211
1	16414	102	0	0	101	1	0	0	UDP7211
1	16415	102	0	102	0	0	0	0	UDP7211
1	16416	101	0	101	0	0	0	0	UDP7211
1	16417	101	0	101	0	0	0	0	UDP7211
1	16418	101	1	0	0	100	0	0	UDP7211
1	16419	102	101	1	0	0	0	0	UDP7211
1	16420	102	0	0	102	0	0	0	UDP7211
1	16421	102	102	0	0	0	0	0	UDP7211
1	16422	103	102	1	0	0	0	0	UDP7211
1	16423	103	0	0	103	0	0	0	UDP7211
1	16424	104	1	0	0	103	0	0	UDP7211
1	16425	103	1	0	101	1	0	0	UDP7211
1	16426	106	106	0	0	0	0	0	UDP7211
1	16427	109	0	1	108	0	0	0	UDP7211
1	16428	108	108	0	0	0	0	0	UDP7211
1	16429	111	110	0	1	0	0	0	UDP7211
1	16430	111	0	0	111	0	0	0	UDP7211
1	16431	113	0	0	1	112	0	0	UDP7211
1	16432	111	0	111	0	0	0	0	UDP7211
1	16433	111	1	109	0	1	0	0	UDP7211
1	16434	110	110	0	0	0	0	0	UDP7211
1	16435	110	1	0	107	2	0	0	UDP7211
1	16436	109	109	0	0	0	0	0	UDP7211
1	16437	107	0	0	107	0	0	0	UDP7211
1	16438	106	0	106	0	0	0	0	UDP7211
1	16439	106	0	0	1	105	0	0	UDP7211
1	16440	105	0	105	0	0	0	0	UDP7211
1	16441	106	0	0	0	106	0	0	UDP7211
1	16442	105	105	0	0	0	0	0	UDP7211
1	16443	105	0	105	0	0	0	0	UDP7211
1	16444	103	103	0	0	0	0	0	UDP7211
1	16445	102	0	0	102	0	0	0	UDP7211
1	16446	98	0	0	0	98	0	0	UDP7211
1	16447	99	0	0	0	99	0	0	UDP7211
1	16448	100	0	0	0	100	0	0	UDP7211
1	16449	101	0	0	101	0	0	0	UDP7211
1	16450	101	101	0	0	0	0	0	UDP7211
1	16451	102	102	0	0	0	0	0	UDP7211
1	16452	101	101	0	0	0	0	0	UDP7211
1	16453	103	102	0	1	0	0	0	UDP7211
1	16454	104	0	104	0	0	0	0	UDP7211
1	16455	101	0	101	0	0	0	0	UDP7211
1	16456	100	100	0	0	0	0	0	UDP7211
1	16457	100	0	100	0	0	0	0	UDP7211
1	16458	101	0	0	0	101	0	0	UDP7211
1	16459	99	99	0	0	0	0	0	UDP7211
1	16460	98	0	0	0	98	0	0	UDP7211
1	16461	95	0	1	0	94	0	0	UDP7211
1	16462	93	0	0	0	93	0	0	UDP7211
1	16463	93	0	0	0	93	0	0	UDP7211
1	16464	92	92	0	0	0	0	0	UDP7211
1	16465	91	0	0	0	91	0	0	UDP7211
1	16466	88	0	0	88	0	0	0	UDP7211
1	16467	89	89	0	0	0	0	0	UDP7211
1	16468	87	87	0	0	0	0	0	UDP7211
1	16469	86	0	86	0	0	0	0	UDP7211
1	16470	84	0	83	0	1	0	0	UDP7211
1	16471	84	82	1	0	1	0	0	UDP7211
1	16472	84	84	0	0	0	0	0	UDP7211
1	16473	86	0	0	86	0	0	0	UDP7211
1	16474	87	1	0	0	86	0	0	UDP7211
1	16475	87	87	0	0	0	0	0	UDP7211
1	16476	87	0	0	85	2	0	0	UDP7211
1	16477	87	87	0	0	0	0	0	UDP7211
1	16478	87	87	0	0	0	0	0	UDP7211
1	16479	87	0	87	0	0	0	0	UDP7211
1	16480	88	88	0	0	0	0	0	UDP7211
1	16481	88	88	0	0	0	0	0	UDP7211
1	16482	89	0	0	89	0	0	0	UDP7211
1	16483	89	89	0	0	0	0	0	UDP7211
1	16484	88	0	0	1	87	0	0	UDP7211
1	16485	88	88	0	0	0	0	0	UDP7211
1	16486	87	0	0	1	86	0	0	UDP7211
1	16487	86	0	0	0	86	0	0	UDP7211
1	16488	84	0	0	0	84	0	0	UDP7211
1	16489	83	0	0	83	0	0	0	UDP7211
1	16490	81	81	0	0	0	0	0	UDP7211
1	16491	79	78	1	0	0	0	0	UDP7211
1	16492	79	79	0	0	0	0	0	UDP7211
1	16493	79	0	0	0	79	0	0	UDP7211
1	16494	79	0	17	62	0	0	0	UDP7211
1	16495	80	0	0	80	0	0	0	UDP7211
1	16496	77	62	0	15	0	0	0	UDP7211
1	16497	76	76	0	0	0	0	0	UDP7211
1	16498	77	77	0	0	0	0	0	UDP7211
1	16499	75	0	75	0	0	0	0	UDP7211
1	16500	75	0	0	0	75	0	0	UDP7211
1	16501	74	74	0	0	0	0	0	UDP7211
1	16502	75	0	0	0	75	0	0	UDP7211
1	16503	75	0	0	0	75	0	0	UDP7211
1	16504	71	0	71	0	0	0	0	UDP7211
1	16505	73	72	0	1	0	0	0	UDP7211
1	16506	73	73	0	0	0	0	0	UDP7211
1	16507	73	73	0	0	0	0	0	UDP7211
1	16508	76	76	0	0	0	0	0	UDP7211
1	16509	77	77	0	0	0	0	0	UDP7211
1	16510	79	79	0	0	0	0	0	UDP7211
1	16511	79	0	0	0	79	0	0	UDP7211
1	16512	78	0	0	0	78	0	0	UDP7211
1	16513	80	0	0	80	0	0	0	UDP7211
1	16514	81	81	0	0	0	0	0	UDP7211
1	16515	82	0	0	82	0	0	0	UDP7211
1	16516	82	81	0	1	0	0	0	UDP7211
1	16517	81	81	0	0	0	0	0	UDP7211
1	16518	84	0	0	0	84	0	0	UDP7211
1	16519	85	1	0	0	84	0	0	UDP7211
1	16520	86	0	0	0	86	0	0	UDP7211
1	16521	86	0	85	1	0	0	0	UDP7211
1	16522	87	0	0	0	87	0	0	UDP7211
1	16523	87	0	0	87	0	0	0	UDP7211
1	16524	87	87	0	0	0	0	0	UDP7211
1	16525	88	0	88	0	0	0	0	UDP7211
1	16526	86	0	86	0	0	0	0	UDP7211
1	16527	86	86	0	0	0	0	0	UDP7211
1	16528	87	0	86	1	0	0	0	UDP7211
1	16529	85	0	0	0	85	0	0	UDP7211
1	16530	86	0	0	0	86	0	0	UDP7211
1	16531	86	86	0	0	0	0	0	UDP7211
1	16532	87	87	0	0	0	0	0	UDP7211
1	16533	86	0	55	0	31	0	0	UDP7211
1	16534	88	88	0	0	0	0	0	UDP7211
1	16535	89	89	0	0	0	0	0	UDP7211
1	16536	90	90	0	0	0	0	0	UDP7211
1	16537	92	0	92	0	0	0	0	UDP7211
1	16538	96	0	96	0	0	0	0	UDP7211
1	16539	98	0	98	0	0	0	0	UDP7211
1	16540	97	97	0	0	0	0	0	UDP7211
1	16541	97	0	97	0	0	0	0	UDP7211
1	16542	97	96	0	1	0	0	0	UDP7211
1	16543	97	0	0	97	0	0	0	UDP7211
1	16544	98	98	0	0	0	0	0	UDP7211
1	16545	97	97	0	0	0	0	0	UDP7211
1	16546	97	97	0	0	0	0	0	UDP7211
1	16547	97	97	0	0	0	0	0	UDP7211
1	16548	96	1	0	0	95	0	0	UDP7211
1	16549	97	0	97	0	0	0	0	UDP7211
1	16550	96	0	96	0	0	0	0	UDP7211
1	16551	97	97	0	0	0	0	0	UDP7211
1	16552	94	0	94	0	0	0	0	UDP7211
1	16553	95	0	95	0	0	0	0	UDP7211
1	16554	95	0	95	0	0	0	0	UDP7211
1	16555	94	0	0	94	0	0	0	UDP7211
1	16556	95	95	0	0	0	0	0	UDP7211
1	16557	97	0	0	97	0	0	0	UDP7211
1	16558	97	0	0	0	97	0	0	UDP7211
1	16559	99	0	0	99	0	0	0	UDP7211
1	16560	100	0	99	0	1	0	0	UDP7211
1	16561	102	101	0	1	0	0	0	UDP7211
1	16562	102	0	102	0	0	0	0	UDP7211
1	16563	104	0	1	0	103	0	0	UDP7211
1	16564	106	0	0	106	0	0	0	UDP7211
1	16565	105	105	0	0	0	0	0	UDP7211
1	16566	106	0	13	93	0	0	0	UDP7211
1	16567	107	0	107	0	0	0	0	UDP7211
1	16568	108	107	0	1	0	0	0	UDP7211
1	16569	109	0	109	0	0	0	0	UDP7211
1	16570	106	37	0	69	0	0	0	UDP7211
1	16571	107	0	107	0	0	0	0	UDP7211
1	16572	111	0	111	0	0	0	0	UDP7211
1	16573	112	111	1	0	0	0	0	UDP7211
1	16574	114	0	0	114	0	0	0	UDP7211
1	16575	114	113	1	0	0	0	0	UDP7211
1	16576	113	113	0	0	0	0	0	UDP7211
1	16577	112	112	0	0	0	0	0	UDP7211
1	16578	112	0	0	0	112	0	0	UDP7211
1	16579	110	0	106	4	0	0	0	UDP7211
1	16580	109	109	0	0	0	0	0	UDP7211
1	16581	109	0	0	109	0	0	0	UDP7211
1	16582	110	0	0	110	0	0	0	UDP7211
1	16583	110	0	0	0	110	0	0	UDP7211
1	16584	109	0	0	109	0	0	0	UDP7211
1	16585	110	0	0	110	0	0	0	UDP7211
1	16586	110	0	109	0	1	0	0	UDP7211
1	16587	112	0	112	0	0	0	0	UDP7211
1	16588	115	0	0	0	115	0	0	UDP7211
1	16589	116	0	116	0	0	0	0	UDP7211
1	16590	116	116	0	0	0	0	0	UDP7211
1	16591	118	118	0	0	0	0	0	UDP7211
1	16592	118	118	0	0	0	0	0	UDP7211
1	16593	118	0	0	118	0	0	0	UDP7211
1	16594	119	119	0	0	0	0	0	UDP7211
1	16595	120	0	0	120	0	0	0	UDP7211
1	16596	120	0	120	0	0	0	0	UDP7211
1	16597	120	0	0	0	120	0	0	UDP7211
1	16598	122	0	0	122	0	0	0	UDP7211
1	16599	125	0	125	0	0	0	0	UDP7211
1	16600	125	0	1	0	124	0	0	UDP7211
1	16601	126	0	126	0	0	0	0	UDP7211
1	16602	127	0	127	0	0	0	0	UDP7211
1	16603	130	0	130	0	0	0	0	UDP7211
1	16604	129	128	1	0	0	0	0	UDP7211
1	16605	130	0	130	0	0	0	0	UDP7211
1	16606	129	0	129	0	0	0	0	UDP7211
1	16607	131	0	0	0	131	0	0	UDP7211
1	16608	131	0	0	130	1	0	0	UDP7211
1	16609	131	131	0	0	0	0	0	UDP7211
1	16610	134	134	0	0	0	0	0	UDP7211
1	16611	134	0	0	134	0	0	0	UDP7211
1	16612	135	0	0	135	0	0	0	UDP7211
1	16613	136	134	1	1	0	0	0	UDP7211
1	16614	135	0	0	135	0	0	0	UDP7211
1	16615	135	135	0	0	0	0	0	UDP7211
1	16616	135	0	135	0	0	0	0	UDP7211
1	16617	137	0	0	137	0	0	0	UDP7211
1	16618	137	0	125	0	12	0	0	UDP7211
1	16619	135	0	0	134	1	0	0	UDP7211
1	16620	135	0	135	0	0	0	0	UDP7211
1	16621	135	0	0	1	134	0	0	UDP7211
1	16622	136	0	0	136	0	0	0	UDP7211
1	16623	141	0	141	0	0	0	0	UDP7211
1	16624	141	0	0	0	141	0	0	UDP7211
1	16625	140	0	0	140	0	0	0	UDP7211
1	16626	140	0	140	0	0	0	0	UDP7211
1	16627	141	0	0	0	141	0	0	UDP7211
1	16628	142	0	0	142	0	0	0	UDP7211
1	16629	146	0	145	1	0	0	0	UDP7211
1	16630	147	0	4	0	143	0	0	UDP7211
1	16631	148	0	0	148	0	0	0	UDP7211
1	16632	147	0	0	0	147	0	0	UDP7211
1	16633	149	0	149	0	0	0	0	UDP7211
1	16634	150	0	0	150	0	0	0	UDP7211
1	16635	149	0	2	0	147	0	0	UDP7211
1	16636	149	0	149	0	0	0	0	UDP7211
1	16637	150	0	150	0	0	0	0	UDP7211
1	16638	151	1	0	3	147	0	0	UDP7211
1	16639	151	0	0	151	0	0	0	UDP7211
1	16640	150	0	150	0	0	0	0	UDP7211
1	16641	151	0	151	0	0	0	0	UDP7211
1	16642	152	0	0	2	150	0	0	UDP7211
1	16643	154	0	0	154	0	0	0	UDP7211
1	16644	152	0	0	152	0	0	0	UDP7211
1	16645	152	0	152	0	0	0	0	UDP7211
1	16646	154	0	0	154	0	0	0	UDP7211
1	16647	157	1	156	0	0	0	0	UDP7211
1	16648	156	0	156	0	0	0	0	UDP7211
1	16649	158	0	0	0	158	0	0	UDP7211
1	16650	157	0	0	1	156	0	0	UDP7211
1	16651	156	0	0	156	0	0	0	UDP7211
1	16652	156	0	0	156	0	0	0	UDP7211
1	16653	159	0	159	0	0	0	0	UDP7211
1	16654	159	0	159	0	0	0	0	UDP7211
1	16655	158	0	1	0	157	0	0	UDP7211
1	16656	156	156	0	0	0	0	0	UDP7211
1	16657	157	2	155	0	0	0	0	UDP7211
1	16658	159	154	2	3	0	0	0	UDP7211
1	16659	163	0	0	163	0	0	0	UDP7211
1	16660	163	0	0	163	0	0	0	UDP7211
1	16661	164	0	0	164	0	0	0	UDP7211
1	16662	163	0	0	163	0	0	0	UDP7211
1	16663	164	2	162	0	0	0	0	UDP7211
1	16664	162	0	162	0	0	0	0	UDP7211
1	16665	168	0	0	168	0	0	0	UDP7211
1	16666	171	1	165	5	0	0	0	UDP7211
1	16667	178	0	0	178	0	0	0	UDP7211
1	16668	181	0	0	181	0	0	0	UDP7211
1	16669	182	0	0	1	181	0	0	UDP7211
1	16670	184	1	1	1	181	0	0	UDP7211
1	16671	189	0	0	188	1	0	0	UDP7211
1	16672	190	183	1	4	2	0	0	UDP7211
1	16673	192	0	0	192	0	0	0	UDP7211
1	16674	194	0	0	194	0	0	0	UDP7211
1	16675	195	0	0	195	0	0	0	UDP7211
1	16676	195	1	0	5	189	0	0	UDP7211
1	16677	199	0	0	199	0	0	0	UDP7211
1	16678	200	1	0	198	1	0	0	UDP7211
1	16679	198	0	0	198	0	0	0	UDP7211
1	16680	199	192	3	4	0	0	0	UDP7211
1	16681	200	0	0	200	0	0	0	UDP7211
1	16682	201	2	3	8	188	0	0	UDP7211
1	16683	198	1	0	197	0	0	0	UDP7211
1	16684	199	0	1	198	0	0	0	UDP7211
1	16685	198	0	0	197	1	0	0	UDP7211
1	16686	197	2	0	195	0	0	0	UDP7211
1	16687	195	35	0	160	0	0	0	UDP7211
1	16688	196	0	1	5	190	0	0	UDP7211
1	16689	194	0	1	193	0	0	0	UDP7211
1	16690	191	0	191	0	0	0	0	UDP7211
1	16691	193	188	4	1	0	0	0	UDP7211
1	16692	195	0	194	0	1	0	0	UDP7211
1	16693	198	1	0	4	193	0	0	UDP7211
1	16694	199	0	0	199	0	0	0	UDP7211
1	16695	200	0	2	198	0	0	0	UDP7211
1	16696	199	0	199	0	0	0	0	UDP7211
1	16697	199	0	199	0	0	0	0	UDP7211
1	16698	195	192	1	2	0	0	0	UDP7211
1	16699	195	0	0	195	0	0	0	UDP7211
1	16700	194	0	193	0	1	0	0	UDP7211
1	16701	196	192	3	1	0	0	0	UDP7211
1	16702	196	1	195	0	0	0	0	UDP7211
1	16703	196	2	194	0	0	0	0	UDP7211
1	16704	196	0	3	1	192	0	0	UDP7211
1	16705	196	5	190	1	0	0	0	UDP7211
1	16706	197	195	0	2	0	0	0	UDP7211
1	16707	197	0	0	197	0	0	0	UDP7211
1	16708	196	1	0	195	0	0	0	UDP7211
1	16709	194	187	2	4	1	0	0	UDP7211
1	16710	194	0	0	194	0	0	0	UDP7211
1	16711	193	0	191	1	1	0	0	UDP7211
1	16712	195	1	0	3	191	0	0	UDP7211
1	16713	204	1	0	203	0	0	0	UDP7211
1	16714	200	0	0	200	0	0	0	UDP7211
1	16715	201	0	0	200	0	0	0	UDP7211
1	16716	203	0	0	203	0	0	0	UDP7211
1	16717	202	0	0	201	1	0	0	UDP7211
1	16718	202	7	3	9	183	0	0	UDP7211
1	16719	204	0	0	203	1	0	0	UDP7211
1	16720	205	0	0	205	0	0	0	UDP7211
1	16721	205	3	1	13	188	0	0	UDP7211
1	16722	207	0	0	206	1	0	0	UDP7211
1	16723	208	0	0	208	0	0	0	UDP7211
1	16724	206	2	1	13	190	0	0	UDP7211
1	16725	209	0	0	208	0	1	0	UDP7211
1	16726	209	0	1	208	0	0	0	UDP7211
1	16727	209	0	0	209	0	0	0	UDP7211
1	16728	209	1	1	207	0	0	0	UDP7211
1	16729	206	1	1	204	0	0	0	UDP7211
1	16730	205	0	190	15	0	0	0	UDP7211
1	16731	216	0	0	215	1	0	0	UDP7211
1	16732	222	0	0	221	1	0	0	UDP7211
1	16733	221	1	2	16	202	0	0	UDP7211
1	16734	231	0	0	230	1	0	0	UDP7211
1	16735	232	0	0	232	0	0	0	UDP7211
1	16736	234	0	2	210	22	0	0	UDP7211
1	16737	236	0	0	236	0	0	0	UDP7211
1	16738	237	0	0	237	0	0	0	UDP7211
1	16739	237	1	5	5	226	0	0	UDP7211
1	16740	238	0	0	238	0	0	0	UDP7211
1	16741	242	0	24	217	1	0	0	UDP7211
1	16742	246	2	2	1	241	0	0	UDP7211
1	16743	248	0	0	248	0	0	0	UDP7211
1	16744	249	0	0	1	248	0	0	UDP7211
1	16745	250	0	0	0	250	0	0	UDP7211
1	16746	253	253	0	0	0	0	0	UDP7211
1	16747	255	0	0	255	0	0	0	UDP7211
1	16748	257	0	0	1	256	0	0	UDP7211
1	16749	256	251	2	1	2	0	0	UDP7211
1	16750	256	0	256	0	0	0	0	UDP7211
1	16751	261	0	260	1	0	0	0	UDP7211
1	16752	264	2	262	0	0	0	0	UDP7211
1	16753	263	1	262	0	0	0	0	UDP7211
1	16754	261	260	1	0	0	0	0	UDP7211
1	16755	258	0	2	2	254	0	0	UDP7211
1	16756	258	1	257	0	0	0	0	UDP7211
1	16757	260	1	1	0	258	0	0	UDP7211
1	16758	263	0	1	1	261	0	0	UDP7211
1	16759	262	1	0	261	0	0	0	UDP7211
1	16760	258	0	2	1	255	0	0	UDP7211
1	16761	263	261	1	0	1	0	0	UDP7211
1	16762	266	0	0	266	0	0	0	UDP7211
1	16763	268	0	0	266	1	0	0	UDP7211
1	16764	266	1	1	0	264	0	0	UDP7211
1	16765	265	0	263	1	1	0	0	UDP7211
1	16766	268	0	0	0	268	0	0	UDP7211
1	16767	266	0	0	264	2	0	0	UDP7211
1	16768	269	267	1	0	0	0	0	UDP7211
1	16769	266	263	0	1	1	0	0	UDP7211
1	16770	265	260	3	0	1	0	0	UDP7211
1	16771	265	1	260	2	1	0	0	UDP7211
1	16772	263	259	1	0	2	0	0	UDP7211
1	16773	262	1	260	0	0	0	0	UDP7211
1	16774	264	261	2	1	0	0	0	UDP7211
1	16775	264	260	3	1	0	0	0	UDP7211
1	16776	267	265	0	2	0	0	0	UDP7211
1	16777	270	0	0	270	0	0	0	UDP7211
1	16778	269	1	2	1	265	0	0	UDP7211
1	16779	267	0	1	266	0	0	0	UDP7211
1	16780	268	1	2	1	264	0	0	UDP7211
1	16781	273	0	0	272	1	0	0	UDP7211
1	16782	276	0	1	273	2	0	0	UDP7211
1	16783	275	0	0	274	1	0	0	UDP7211
1	16784	275	0	0	274	1	0	0	UDP7211
1	16785	274	1	2	2	269	0	0	UDP7211
1	16786	272	0	0	272	0	0	0	UDP7211
1	16787	273	1	1	0	271	0	0	UDP7211
1	16788	277	2	274	0	1	0	0	UDP7211
1	16789	275	0	1	0	274	0	0	UDP7211
1	16790	271	271	0	0	0	0	0	UDP7211
1	16791	267	1	0	266	0	0	0	UDP7211
1	16792	264	0	0	264	0	0	0	UDP7211
1	16793	257	0	1	256	0	0	0	UDP7211
1	16794	253	250	2	0	1	0	0	UDP7211
1	16795	254	253	0	1	0	0	0	UDP7211
1	16796	253	2	0	251	0	0	0	UDP7211
1	16797	250	249	0	0	1	0	0	UDP7211
1	16798	249	246	2	0	1	0	0	UDP7211
1	16799	250	0	0	249	1	0	0	UDP7211
1	16800	248	1	0	247	0	0	0	UDP7211
1	16801	252	1	2	0	249	0	0	UDP7211
1	16802	251	0	1	250	0	0	0	UDP7211
1	16803	248	1	2	1	244	0	0	UDP7211
1	16804	241	0	0	241	0	0	0	UDP7211
1	16805	242	0	0	0	242	0	0	UDP7211
1	16806	243	2	1	240	0	0	0	UDP7211
1	16807	243	241	2	0	0	0	0	UDP7211
1	16808	245	0	243	2	0	0	0	UDP7211
1	16809	249	1	247	1	0	0	0	UDP7211
1	16810	249	247	2	0	0	0	0	UDP7211
1	16811	249	0	1	246	2	0	0	UDP7211
1	16812	247	0	2	245	0	0	0	UDP7211
1	16813	249	0	0	249	0	0	0	UDP7211
1	16814	251	251	0	0	0	0	0	UDP7211
1	16815	251	0	1	250	0	0	0	UDP7211
1	16816	251	0	0	250	1	0	0	UDP7211
1	16817	251	0	0	1	250	0	0	UDP7211
1	16818	249	0	249	0	0	0	0	UDP7211
1	16819	246	0	246	0	0	0	0	UDP7211
1	16820	244	1	243	0	0	0	0	UDP7211
1	16821	245	0	244	0	1	0	0	UDP7211
1	16822	249	3	0	246	0	0	0	UDP7211
1	16823	249	1	1	247	0	0	0	UDP7211
1	16824	252	0	252	0	0	0	0	UDP7211
1	16825	254	0	254	0	0	0	0	UDP7211
1	16826	257	0	257	0	0	0	0	UDP7211
1	16827	256	256	0	0	0	0	0	UDP7211
1	16828	258	0	0	258	0	0	0	UDP7211
1	16829	262	1	260	0	1	0	0	UDP7211
1	16830	267	0	0	1	266	0	0	UDP7211
1	16831	270	0	269	0	1	0	0	UDP7211
1	16832	272	1	271	0	0	0	0	UDP7211
1	16833	272	1	270	0	1	0	0	UDP7211
1	16834	272	271	1	0	0	0	0	UDP7211
1	16835	272	0	1	0	271	0	0	UDP7211
1	16836	274	0	273	1	0	0	0	UDP7211
1	16837	277	1	276	0	0	0	0	UDP7211
1	16838	280	0	278	0	2	0	0	UDP7211
1	16839	281	280	0	1	0	0	0	UDP7211
1	16840	282	0	0	281	1	0	0	UDP7211
1	16841	281	279	2	0	0	0	0	UDP7211
1	16842	281	279	0	1	1	0	0	UDP7211
1	16843	283	1	282	0	0	0	0	UDP7211
1	16844	286	0	286	0	0	0	0	UDP7211
1	16845	286	0	285	1	0	0	0	UDP7211
1	16846	287	286	1	0	0	0	0	UDP7211
1	16847	286	1	0	285	0	0	0	UDP7211
1	16848	288	1	287	0	0	0	0	UDP7211
1	16849	288	0	0	0	288	0	0	UDP7211
1	16850	288	0	287	1	0	0	0	UDP7211
1	16851	288	288	0	0	0	0	0	UDP7211
1	16852	287	0	287	0	0	0	0	UDP7211
1	16853	287	0	286	1	0	0	0	UDP7211
1	16854	287	0	0	0	287	0	0	UDP7211
1	16855	286	277	1	8	0	0	0	UDP7211
1	16856	289	2	287	0	0	0	0	UDP7211
1	16857	281	0	280	0	1	0	0	UDP7211
1	16858	279	0	0	0	279	0	0	UDP7211
1	16859	276	0	1	1	274	0	0	UDP7211
1	16860	273	0	0	273	0	0	0	UDP7211
1	16861	276	273	3	0	0	0	0	UDP7211
1	16862	275	0	0	275	0	0	0	UDP7211
1	16863	274	271	1	1	1	0	0	UDP7211
1	16864	275	0	0	274	1	0	0	UDP7211
1	16865	274	0	0	274	0	0	0	UDP7211
1	16866	278	0	278	0	0	0	0	UDP7211
1	16867	275	2	0	1	272	0	0	UDP7211
1	16868	274	1	272	1	0	0	0	UDP7211
1	16869	277	1	1	275	0	0	0	UDP7211
1	16870	280	0	0	280	0	0	0	UDP7211
1	16871	285	0	283	2	0	0	0	UDP7211
1	16872	288	0	1	0	287	0	0	UDP7211
1	16873	294	294	0	0	0	0	0	UDP7211
1	16874	293	0	293	0	0	0	0	UDP7211
1	16875	291	1	290	0	0	0	0	UDP7211
1	16876	289	0	3	0	286	0	0	UDP7211
1	16877	286	0	286	0	0	0	0	UDP7211
1	16878	282	279	3	0	0	0	0	UDP7211
1	16879	285	0	0	285	0	0	0	UDP7211
1	16880	287	1	0	0	286	0	0	UDP7211
1	16881	288	0	0	288	0	0	0	UDP7211
1	16882	286	0	2	1	283	0	0	UDP7211
1	16883	283	0	0	283	0	0	0	UDP7211
1	16884	284	0	1	283	0	0	0	UDP7211
1	16885	284	279	3	1	1	0	0	UDP7211
1	16886	285	284	0	1	0	0	0	UDP7211
1	16887	283	0	0	283	0	0	0	UDP7211
1	16888	282	0	0	282	0	0	0	UDP7211
1	16889	281	0	0	2	279	0	0	UDP7211
1	16890	285	2	0	283	0	0	0	UDP7211
1	16891	287	0	0	285	2	0	0	UDP7211
1	16892	286	0	0	285	1	0	0	UDP7211
1	16893	290	0	290	0	0	0	0	UDP7211
1	16894	289	287	0	1	1	0	0	UDP7211
1	16895	289	0	0	288	1	0	0	UDP7211
1	16896	292	1	0	0	291	0	0	UDP7211
1	16897	295	0	2	1	292	0	0	UDP7211
1	16898	298	0	298	0	0	0	0	UDP7211
1	16899	301	0	1	0	300	0	0	UDP7211
1	16900	304	0	0	304	0	0	0	UDP7211
1	16901	306	0	1	305	0	0	0	UDP7211
1	16902	308	308	0	0	0	0	0	UDP7211
1	16903	308	305	1	1	1	0	0	UDP7211
1	16904	311	0	0	1	310	0	0	UDP7211
1	16905	312	0	0	312	0	0	0	UDP7211
1	16906	313	0	0	313	0	0	0	UDP7211
1	16907	311	1	0	1	309	0	0	UDP7211
1	16908	310	0	0	310	0	0	0	UDP7211
1	16909	311	0	311	0	0	0	0	UDP7211
1	16910	316	1	313	2	0	0	0	UDP7211
1	16911	318	316	0	2	0	0	0	UDP7211
1	16912	323	1	0	321	0	1	0	UDP7211
1	16913	324	1	0	323	0	0	0	UDP7211
1	16914	322	0	0	322	0	0	0	UDP7211
1	16915	326	0	0	326	0	0	0	UDP7211
1	16916	330	0	329	0	1	0	0	UDP7211
1	16917	336	335	1	0	0	0	0	UDP7211
1	16918	337	2	0	335	0	0	0	UDP7211
1	16919	340	336	3	1	0	0	0	UDP7211
1	16920	343	0	0	343	0	0	0	UDP7211
1	16921	347	1	0	345	1	0	0	UDP7211
1	16922	347	0	1	346	0	0	0	UDP7211
1	16923	351	0	0	351	0	0	0	UDP7211
1	16924	355	0	0	354	1	0	0	UDP7211
1	16925	354	0	354	0	0	0	0	UDP7211
1	16926	364	364	0	0	0	0	0	UDP7211
1	16927	365	363	1	1	0	0	0	UDP7211
1	16928	367	1	0	1	364	0	0	UDP7211
1	16929	377	1	0	376	0	0	0	UDP7211
1	16930	383	0	383	0	0	0	0	UDP7211
1	16931	392	0	391	0	0	0	0	UDP7211
1	16932	402	0	0	400	1	0	0	UDP7211
1	16933	402	1	0	400	0	0	0	UDP7211
1	16934	402	1	1	399	0	0	0	UDP7211
1	16935	404	0	0	403	0	0	0	UDP7211
1	16936	411	1	410	0	0	0	0	UDP7211
1	16937	412	1	408	2	0	0	0	UDP7211
1	16938	417	0	417	0	0	0	0	UDP7211
1	16939	425	423	0	1	0	0	0	UDP7211
1	16940	429	0	1	426	1	0	0	UDP7211
1	16941	433	0	1	431	0	0	0	UDP7211
1	16942	440	1	2	3	434	0	0	UDP7211
1	16943	447	0	447	0	0	0	0	UDP7211
1	16944	451	0	0	448	2	0	0	UDP7211
1	16945	455	0	0	455	0	0	0	UDP7211
1	16946	458	2	454	1	0	0	0	UDP7211
1	16947	456	454	1	1	0	0	0	UDP7211
1	16948	454	445	9	0	0	0	0	UDP7211
1	16949	458	1	0	1	456	0	0	UDP7211
1	16950	463	1	0	459	2	0	0	UDP7211
1	16951	464	0	0	1	463	0	0	UDP7211
1	16952	463	462	1	0	0	0	0	UDP7211
1	16953	462	0	462	0	0	0	0	UDP7211
1	16954	466	466	0	0	0	0	0	UDP7211
1	16955	464	0	0	1	462	0	0	UDP7211
1	16956	470	1	0	468	0	0	0	UDP7211
1	16957	471	469	0	2	0	0	0	UDP7211
1	16958	474	1	0	473	0	0	0	UDP7211
1	16959	474	0	0	474	0	0	0	UDP7211
1	16960	478	1	3	2	472	0	0	UDP7211
1	16961	487	0	487	0	0	0	0	UDP7211
1	16962	494	35	2	457	0	0	0	UDP7211
1	16963	493	0	1	0	491	0	0	UDP7211
1	16964	493	0	2	2	488	0	0	UDP7211
1	16965	494	1	1	492	0	0	0	UDP7211
1	16966	503	0	0	503	0	0	0	UDP7211
1	16967	501	0	468	0	33	0	0	UDP7211
1	16968	505	504	0	0	1	0	0	UDP7211
1	16969	507	506	0	0	0	0	0	UDP7211
1	16970	511	0	1	1	509	0	0	UDP7211
1	16971	518	0	0	518	0	0	0	UDP7211
1	16972	518	1	516	0	1	0	0	UDP7211
1	16973	528	0	526	0	1	0	0	UDP7211
1	16974	528	0	0	525	2	0	0	UDP7211
1	16975	527	1	0	524	1	0	0	UDP7211
1	16976	526	118	0	407	1	0	0	UDP7211
1	16977	538	0	536	0	2	0	0	UDP7211
1	16978	541	539	0	1	0	0	0	UDP7211
1	16979	541	0	0	540	0	0	0	UDP7211
1	16980	540	0	0	539	1	0	0	UDP7211
1	16981	538	2	0	1	535	0	0	UDP7211
1	16982	541	1	537	1	2	0	0	UDP7211
1	16983	541	538	2	1	0	0	0	UDP7211
1	16984	541	1	1	537	1	0	0	UDP7211
1	16985	543	0	0	542	1	0	0	UDP7211
1	16986	544	0	544	0	0	0	0	UDP7211
1	16987	541	539	0	1	0	0	0	UDP7211
1	16988	540	1	0	538	0	0	0	UDP7211
1	16989	542	0	0	541	0	0	0	UDP7211
1	16990	539	0	0	0	539	0	0	UDP7211
1	16991	540	539	0	0	0	0	0	UDP7211
1	16992	536	0	35	500	1	0	0	UDP7211
1	16993	536	0	1	534	1	0	0	UDP7211
1	16994	538	537	0	1	0	0	0	UDP7211
1	16995	532	0	18	1	512	0	0	UDP7211
1	16996	536	0	0	534	1	0	0	UDP7211
1	16997	530	0	0	529	0	0	0	UDP7211
1	16998	527	525	0	2	0	0	0	UDP7211
1	16999	523	522	0	0	1	0	0	UDP7211
1	17000	522	1	521	0	0	0	0	UDP7211
1	17001	523	522	0	0	1	0	0	UDP7211
1	17002	522	2	0	1	519	0	0	UDP7211
1	17003	525	0	524	1	0	0	0	UDP7211
1	17004	529	528	0	1	0	0	0	UDP7211
1	17005	530	528	0	2	0	0	0	UDP7211
1	17006	529	1	0	0	528	0	0	UDP7211
1	17007	534	0	534	0	0	0	0	UDP7211
1	17008	535	0	1	2	531	0	0	UDP7211
1	17009	536	0	535	0	0	0	0	UDP7211
1	17010	536	535	0	0	0	0	0	UDP7211
1	17011	538	0	1	536	0	0	0	UDP7211
1	17012	540	0	0	540	0	0	0	UDP7211
1	17013	541	1	538	1	1	0	0	UDP7211
1	17014	539	536	1	1	1	0	0	UDP7211
1	17015	539	0	539	0	0	0	0	UDP7211
1	17016	540	0	540	0	0	0	0	UDP7211
1	17017	536	0	0	0	536	0	0	UDP7211
1	17018	540	1	2	537	0	0	0	UDP7211
1	17019	538	0	1	537	0	0	0	UDP7211
1	17020	539	0	538	0	1	0	0	UDP7211
1	17021	540	1	538	1	0	0	0	UDP7211
1	17022	536	1	534	1	0	0	0	UDP7211
1	17023	534	533	0	1	0	0	0	UDP7211
